UID,Nome literal,Nome comum (PT),Common name (EN)
V14-GIA-00001,"Glycine max ((L.) Merr.),",Soja,Soybean
V14-GIA-00002,"Coffea arabica (L.),",Café arábica,Arabica coffee
V14-GIA-00003,Lycopersicon esculentum (Mill.),Tomate,Tomato
V14-GIA-00004,"Gossypium hirsutum (L.),",Algodão,Cotton
V14-GIA-00005,Theobroma cacao (L.),Cacau,Cacao
V14-GIA-00006,"Citrus aurantium (L.),",,
V14-GIA-00007,Citrullus lanatus (Citrullus),Melancia,Watermelon
V14-GIA-00008,Passiflora edulis (Sims),Maracujá,Passion fruit
V14-GIA-00009,Pyrus malus (L.),,
V14-GIA-00010,Cucumis melo (L.),Melão,Melon
V14-GIA-00011,"Phaseolus lunatus (L.),",,
V14-GIA-00012,Cocos nucifera (L.),Coco,Coconut
V14-GIA-00013,Psidium guajava (L.),Goiaba,Guava
V14-GIA-00014,Prunus persica ((L.) Stokes),Pêssego,Peach
V14-GIA-00015,Persea americana (Mill.),Abacate,Avocado
V14-GIA-00016,Helianthus annuus (L.),Girassol,Sunflower
V14-GIA-00017,Carica papaya (L.),Mamão,Papaya
V14-GIA-00018,"Prunus domestica (L.),",,
V14-GIA-00019,Bixa orellana (L.),Urucum,Annatto
V14-GIA-00020,Citrus reticulata (Blanco),Tangerina,Mandarin
V14-GIA-00021,Anacardium occidentale (L.),Caju,Cashew
V14-GIA-00022,"Citrus maxima ((Burm.) Merr.),",,
V14-GIA-00023,Paullinia cupana (Kunth) var. sorbilis,,
V14-GIA-00024,Arachis hypogaea (L.),,
V14-GIA-00025,Capsicum annuum (L.),Pimentão / pimenta,Bell pepper / chili pepper
V14-GIA-00026,Theobroma grandiflorum,,
V14-GIA-00027,"Malpighia emarginata (DC.),",Acerola,Acerola
V14-GIA-00028,Pyrus communis (L.),Pera,Pear
V14-GIA-00029,Elaeis guineensis (L.),Dendê,Oil palm
V14-GIA-00030,Ficus carica (L.),Figo,Fig
V14-GIA-00031,Annona squamosa (L.),Pinha / fruta-do-conde,Sugar apple
V14-GIA-00032,Actinidia deliciosa ((A. Chev.),Kiwi,Kiwifruit
V14-GIA-00033,Ricinus communis,Mamona,Castor bean
V14-GIA-00034,Vicia faba (L.),Fava,Fava bean
V14-GIA-00035,"Cavanillea philippensis (Desr.),",,
V14-GIA-00036,Annona muricata (L.),,
V14-GIA-00037,"Cydonia oblonga (Mill.),",Marmelo,Quince
V14-GIA-00038,Vigna unguiculata ((L.) Walp.),Feijão-caupi,Cowpea
V14-GIA-00039,Linum usitatissimum (L.),Linhaça / linho,Flax
V14-GIA-00040,Litchi chinensis (Sonn.),Lichia,Lychee
V14-GIA-00041,"Eugenia malaccensis (L.),",,
V14-GIA-00042,Punica granatum (L.),Romã,Pomegranate
V14-GIA-00043,"Eugenia uniflora (L.),",,
V14-GIA-00044,Gossypium arboreum (L.),,
V14-GIA-00045,Campomanesia phaea,,
V14-GIA-00046,Gliricidia sepium,,
V14-GIA-00047,Solanum paniculatum (L.),,
V14-GIA-00048,Bertholletia excelsa (Bonpl.),Castanha-do-brasil,Brazil nut
V14-GIA-00049,Macadamia integrifolia,Macadâmia,Macadamia
V14-GIA-00050,Spondias mombin (L.),Cajá,Yellow mombin
V14-GIA-00051,"Cucurbita maxima (Duchesne),",Abóbora,Winter squash
V14-GIA-00052,Passiflora alata (Curtis),,
V14-GIA-00053,"Vanilla planifolia (Vanilla planifolia),",Baunilha,Vanilla
V14-GIA-00054,Adesmia latifolia ((Spreng.) Vogel),,
V14-GIA-00055,Annona crassiflora (Mart.),Araticum,Araticum
V14-GIA-00056,Campomanesia pubescens,,
V14-GIA-00057,Amygdalus communis (L.),,
V14-GIA-00058,Prunus armeniaca (L.),Damasco,Apricot
V14-GIA-00059,Jatropha curcas (L.),Pinhão-manso,Physic nut
V14-GIA-00060,"Vaccinium corymbosum (L.),",Mirtilo,Highbush blueberry
V14-GIA-00061,Fagopyrum esculentum (Moench),,
V14-GIA-00062,"Prunus cerasus (L.), P. avium (L.)",Cereja-ácida,Sour cherry
V14-GIA-00063,Cucumis sativus (L.),Pepino,Cucumber
V14-GIA-00064,Eriobotrya japonica ((Thunb.) Lindl.),Nêspera,Loquat
V14-GIA-00065,Byrsonima crassifolia ((L.) Kunth),,
V14-GIA-00066,Rubus idaeus (L.),Framboesa,Raspberry
V14-GIA-00067,Averrhoa carambola (L.),,
V14-GIA-00068,Hancornia speciosa (Gomes),,
V14-GIA-00069,Momordica charantia (L.),Melão-de-são-caetano,Bitter melon
V14-GIA-00070,"Morus nigra (L.),",,
V14-GIA-00071,Castanea sativa (Mill.),Castanha-europeia,Sweet chestnut
V14-GIA-00072,Ribes nigrum (L.),,
V14-GIA-00073,Solanum melongena (L.),Berinjela,Eggplant
V14-GIA-00074,Spondias tuberosa (Arruda),,
V14-GIA-00075,Abelmoschus esculentus ((L.) Moench),Quiabo,Okra
V14-GIA-00076,Brassica napus (L.),Canola / colza,Rapeseed
V14-GIA-00077,Sesamum orientale (L.),,
V14-GIA-00078,Fragaria spp. (L.),Morango,Strawberry
V14-GIA-00079,Ziziphus joazeiro (Mart.),,
V14-GIA-00080,Capsicum chinense (Jacq.),Pimenta,Chili pepper
V14-GIA-00081,Phaseolus vulgaris (L.),Feijão-comum,Common bean
V14-GIA-00082,Capsicum annuum (L.),Pimentão / pimenta,Bell pepper / chili pepper
V14-GIA-00083,Cajanus cajan ((L.) Huth),Feijão-guandu,Pigeon pea
V14-GIA-00084,Nephelium lappaceum (L.),Rambutã,Rambutan
V14-GIA-00085,Tamarindus indica (L.),,
V14-GIA-00086,Saccharum spp. (L.),,
V14-GIA-00087,Zea mays (L.),,
V14-GIA-00088,Gossypium hirsutum (L.),Algodão,Cotton
V14-GIA-00089,"Manihot esculenta (Crantz),",,
V14-GIA-00090,Oryza spp. (L.),,
V14-GIA-00091,Nicotiana tabacum (L.),,
V14-GIA-00092,"Musa sapientum (L.),",,
V14-GIA-00093,Solanum tuberosum (L.),,
V14-GIA-00094,Triticum spp. (L.),,
V14-GIA-00095,Vitis spp. (L.),,
V14-GIA-00096,Ananas comosus ((L.) Merr.),,
V14-GIA-00097,"Allium cepa (L.), A. ascalonicum (L.),",,
V14-GIA-00098,Ficus elastica (Roxb. ex Hornem.),,
V14-GIA-00099,Mangifera indica (L.),Manga,Mango
V14-GIA-00100,Allium sativum (L.),,
V14-GIA-00101,Piper nigrum (L.),,
V14-GIA-00102,Ipomoea batatas ((L.) Lam.),,
V14-GIA-00103,Ilex paraguariensis (A. St.-Hil.),,
V14-GIA-00104,Avena sativa (L.),,
V14-GIA-00105,Hordeum vulgare (L.),,
V14-GIA-00106,Agave sisalana (Perrine ex Engelm.),,
V14-GIA-00107,Triticosecale rimpaui,,
V14-GIA-00108,Carya illinoinensis ((Wangenh.) K. Koch),,
V14-GIA-00109,Malva spp. (L.),,
V14-GIA-00110,Syzygium aromaticum,,
V14-GIA-00111,Myrciaria cauliflora ((Mart.) O. Berg),,
V14-GIA-00112,Secale cereale (L.),,
V14-GIA-00113,Camellia sinensis ((L.) Kuntze),,
V14-GIA-00114,Corchorus capsularis (L.),,
V14-GIA-00115,Boehmeria nivea ((L.) Gaudich.),,
V14-GIA-00116,Olea europaea (L.),,
V14-GIA-00117,Cynara scolymus (L.),,
V14-GIA-00118,Asparagus officinalis (L.),,
V14-GIA-00119,Daucus carota (L.),,
V14-GIA-00120,"Brassica chinensis (L.),",,
V14-GIA-00121,Capsicum frutescens (L.),,
V14-GIA-00122,Zingiber officinale (Roscoe),,
V14-GIA-00123,"Lactuca sativa (L.),",,
V14-GIA-00124,Dioscorea spp. (L.),,
V14-KLE-00001,Abelmoschus esculentus,Quiabo,Okra
V14-KLE-00002,Cajanus cajan,Feijão-guandu,Pigeon pea
V14-KLE-00003,Chenopodium quinoa,,
V14-KLE-00004,Cicer arietinum,,
V14-KLE-00005,Citrullus lanatus,Melancia,Watermelon
V14-KLE-00006,Cucumis melo,Melão,Melon
V14-KLE-00007,Cucumis sativus,Pepino,Cucumber
V14-KLE-00008,Fagopyrum esculentum,,
V14-KLE-00009,Lens esculenta,,
V14-KLE-00010,Lycopersicon esculentum,Tomate,Tomato
V14-KLE-00011,Solanum melongena,Berinjela,Eggplant
V14-KLE-00012,Vigna unguiculata,Feijão-caupi,Cowpea
V14-KLE-00013,Actinidia deliciosa,Kiwi,Kiwifruit
V14-KLE-00014,Annona squamosa,Pinha / fruta-do-conde,Sugar apple
V14-KLE-00015,Arbutus unedo,,
V14-KLE-00016,Artocarpus altilis,,
V14-KLE-00017,Artocarpus heterophyllus,Jaca,Jackfruit
V14-KLE-00018,Asimina triloba,,
V14-KLE-00019,Averrhoa carambola,,
V14-KLE-00020,Carica papaya,Mamão,Papaya
V14-KLE-00021,Durio zibethinus,Durião,Durian
V14-KLE-00022,Ficus carica,Figo,Fig
V14-KLE-00023,Litchi chinensis,Lichia,Lychee
V14-KLE-00024,Malus domestica,Maçã,Apple
V14-KLE-00025,Canavalia spp. (5 espécies listadas),,
V14-KLE-00026,Capsicum annuum; C. frutescens,Pimentão / pimenta,Bell pepper / chili pepper
V14-KLE-00027,Cyamopsis tetragonoloba,,
V14-KLE-00028,Dolichos biflorus; D. lablab,,
V14-KLE-00029,Mucuna pruriens,,
V14-KLE-00030,Phaseolus spp.,,
V14-KLE-00031,Pisum sativum; P. arvense,,
V14-KLE-00032,Psophocarpus tetragonolobus,,
V14-KLE-00033,Vigna subterranea,,
V14-KLE-00034,Dimocarpus longan,,
V14-KLE-00035,Diospyros kaki; D. virginiana,Caqui,Persimmon
V14-KLE-00036,Eriobotrya japonica,Nêspera,Loquat
V14-KLE-00037,Feijoa sellowiana,,
V14-KLE-00038,Fragaria spp.,Morango,Strawberry
V14-KLE-00039,Chrysophyllum cainito,,
V14-SIO-00001,Citrus paradisi,Toranja,Grapefruit
V14-SIO-00002,Citrus paradisi,Toranja,Grapefruit
V14-SIO-00003,Malus domestica,Maçã,Apple
V14-SIO-00004,Malus domestica,Maçã,Apple
V14-SIO-00005,Malus domestica,Maçã,Apple
V14-SIO-00006,Malus domestica,Maçã,Apple
V14-SIO-00007,Malus domestica,Maçã,Apple
V14-SIO-00008,Malus domestica,Maçã,Apple
V14-SIO-00009,Malus domestica,Maçã,Apple
V14-SIO-00010,Malus domestica,Maçã,Apple
V14-SIO-00011,Rubus idaeus,Framboesa,Raspberry
V14-SIO-00012,Malus domestica,Maçã,Apple
V14-SIO-00013,Malus domestica,Maçã,Apple
V14-SIO-00014,Malus domestica,Maçã,Apple
V14-SIO-00015,Malus domestica,Maçã,Apple
V14-SIO-00016,Diospyros kaki f.,Caqui,Persimmon
V14-SIO-00017,Diospyros kaki f.,Caqui,Persimmon
V14-SIO-00018,Macadamia sp.,Macadâmia,Macadamia
V14-SIO-00019,Macadamia integrifolia,Macadâmia,Macadamia
V14-SIO-00020,Macadamia integrifolia,Macadâmia,Macadamia
V14-SIO-00021,Vaccinium corymbosum,Mirtilo,Highbush blueberry
V14-SIO-00022,Vaccinium corymbosum,Mirtilo,Highbush blueberry
V14-SIO-00023,Vaccinium virgatum,Mirtilo-rabbiteye,Rabbiteye blueberry
V14-SIO-00024,Vaccinium virgatum,Mirtilo-rabbiteye,Rabbiteye blueberry
V14-SIO-00025,Vaccinium virgatum,Mirtilo-rabbiteye,Rabbiteye blueberry
V14-SIO-00026,Vaccinium virgatum,Mirtilo-rabbiteye,Rabbiteye blueberry
V14-SIO-00027,Helianthus annuus,Girassol,Sunflower
V14-SIO-00028,Malus domestica,Maçã,Apple
V14-SIO-00029,Annona sp.,Anonáceas (grupo),Annona (group)
V14-SIO-00030,Annona sp.,Anonáceas (grupo),Annona (group)
V14-SIO-00031,Annona sp.,Anonáceas (grupo),Annona (group)
V14-SIO-00032,Annona sp.,Anonáceas (grupo),Annona (group)
V14-SIO-00033,Annona sp.,Anonáceas (grupo),Annona (group)
V14-SIO-00034,Macadamia sp.,Macadâmia,Macadamia
V14-SIO-00035,Macadamia sp.,Macadâmia,Macadamia
V14-SIO-00036,Macadamia sp.,Macadâmia,Macadamia
V14-SIO-00037,Macadamia sp.,Macadâmia,Macadamia
V14-SIO-00038,Macadamia sp.,Macadâmia,Macadamia
V14-SIO-00039,Macadamia sp.,Macadâmia,Macadamia
V14-SIO-00040,Macadamia sp.,Macadâmia,Macadamia
V14-SIO-00041,Cucumis sativus,Pepino,Cucumber
V14-SIO-00042,Ribes rubrum,Groselha-vermelha,Redcurrant
V14-SIO-00043,Brassica napus,Canola / colza,Rapeseed
V14-SIO-00044,Malus domestica,Maçã,Apple
V14-SIO-00045,Malus domestica,Maçã,Apple
V14-SIO-00046,Malus domestica,Maçã,Apple
V14-SIO-00047,Malus domestica,Maçã,Apple
V14-SIO-00048,Malus domestica,Maçã,Apple
V14-SIO-00049,Malus domestica,Maçã,Apple
V14-SIO-00050,Malus domestica,Maçã,Apple
V14-SIO-00051,Malus domestica,Maçã,Apple
V14-SIO-00052,Malus domestica,Maçã,Apple
V14-SIO-00053,Malus domestica,Maçã,Apple
V14-SIO-00054,Malus domestica,Maçã,Apple
V14-SIO-00055,Malus domestica,Maçã,Apple
V14-SIO-00056,Sesamum indicum,Gergelim,Sesame
V14-SIO-00057,Brassica napus,Canola / colza,Rapeseed
V14-SIO-00058,Brassica napus,Canola / colza,Rapeseed
V14-SIO-00059,Brassica napus,Canola / colza,Rapeseed
V14-SIO-00060,Passiflora edulis,Maracujá,Passion fruit
V14-SIO-00061,Euterpe oleracea,Açaí,Açaí
V14-SIO-00062,Annona crassiflora,Araticum,Araticum
V14-SIO-00063,Annona crassiflora,Araticum,Araticum
V14-SIO-00064,Bertholletia excelsa,Castanha-do-brasil,Brazil nut
V14-SIO-00065,Pyrus communis,Pera,Pear
V14-SIO-00066,Physalis angulata,Fisális,Groundcherry
V14-SIO-00067,Anacardium occidentale,Caju,Cashew
V14-SIO-00068,Malpighia emarginata,Acerola,Acerola
V14-SIO-00069,Acca sellowiana,Goiaba-serrana,Feijoa
V14-SIO-00070,Acca sellowiana,Goiaba-serrana,Feijoa
V14-SIO-00071,Acca sellowiana,Goiaba-serrana,Feijoa
V14-SIO-00072,Acca sellowiana,Goiaba-serrana,Feijoa
V14-SIO-00073,Acca sellowiana,Goiaba-serrana,Feijoa
V14-SIO-00074,Acca sellowiana,Goiaba-serrana,Feijoa
V14-SIO-00075,Acca sellowiana,Goiaba-serrana,Feijoa
V14-SIO-00076,Cucurbita moschata,Abóbora,Butternut squash
V14-SIO-00077,Gossypium hirsutum,Algodão,Cotton
V14-SIO-00078,Cucurbita moschata,Abóbora,Butternut squash
V14-SIO-00079,Annona squamosa,Pinha / fruta-do-conde,Sugar apple
V14-SIO-00080,Bixa orellana,Urucum,Annatto
V14-SIO-00081,Brassica napus,Canola / colza,Rapeseed
V14-SIO-00082,Anacardium occidentale,Caju,Cashew
V14-SIO-00083,Anacardium occidentale,Caju,Cashew
V14-SIO-00084,Coffea arabica,Café arábica,Arabica coffee
V14-SIO-00085,Coffea arabica,Café arábica,Arabica coffee
V14-SIO-00086,Capsicum annuum,Pimentão / pimenta,Bell pepper / chili pepper
V14-SIO-00087,Spondias mombin,Cajá,Yellow mombin
V14-SIO-00088,Malpighia emarginata,Acerola,Acerola
V14-SIO-00089,Solanum melongena,Berinjela,Eggplant
V14-SIO-00090,Solanum melongena,Berinjela,Eggplant
V14-SIO-00091,Solanum melongena,Berinjela,Eggplant
V14-SIO-00092,Solanum melongena,Berinjela,Eggplant
V14-SIO-00093,Physalis peruviana,Fisális,Cape gooseberry
V14-SIO-00094,Ricinus communis,Mamona,Castor bean
V14-SIO-00095,Jatropha curcas,Pinhão-manso,Physic nut
V14-SIO-00096,Macadamia integrifolia,Macadâmia,Macadamia
V14-SIO-00097,Macadamia integrifolia,Macadâmia,Macadamia
V14-SIO-00098,C. clementina hort. × (C. paradisi × C. reticulata Blanco),,
V14-SIO-00099,C. clementina hort. × (C. paradisi × C. reticulata Blanco),,
V14-SIO-00100,Pyrus communis,Pera,Pear
V14-SIO-00101,Pyrus communis,Pera,Pear
V14-SIO-00102,Capsicum annuum,Pimentão / pimenta,Bell pepper / chili pepper
V14-SIO-00103,Gossypium hirsutum,Algodão,Cotton
V14-SIO-00104,Gossypium hirsutum,Algodão,Cotton
V14-SIO-00105,Passiflora edulis f. flavicarpa,Maracujá,Passion fruit
V14-SIO-00106,Malpighia emarginata,Acerola,Acerola
V14-SIO-00107,Malpighia emarginata,Acerola,Acerola
V14-SIO-00108,Malpighia emarginata,Acerola,Acerola
V14-SIO-00109,Passiflora edulis f. flavicarpa,Maracujá,Passion fruit
V14-SIO-00110,Vaccinium macrocarpon,Oxicoco,Cranberry
V14-SIO-00111,Vaccinium corymbosum,Mirtilo,Highbush blueberry
V14-SIO-00112,Vaccinium corymbosum,Mirtilo,Highbush blueberry
V14-SIO-00113,Vaccinium corymbosum,Mirtilo,Highbush blueberry
V14-SIO-00114,Fragaria x ananassa,Morango,Strawberry
V14-SIO-00115,Paeonia ostii,,
V14-SIO-00116,Castanea mollissima,Castanha-chinesa,Chinese chestnut
V14-SIO-00117,Castanea mollissima,Castanha-chinesa,Chinese chestnut
V14-SIO-00118,Castanea mollissima,Castanha-chinesa,Chinese chestnut
V14-SIO-00119,Selenicereus monacanthus,Pitaia,Dragon fruit
V14-SIO-00120,Selenicereus spp.,Pitaia,Dragon fruit
V14-SIO-00121,Selenicereus spp.,Pitaia,Dragon fruit
V14-SIO-00122,Selenicereus undatus,Pitaia,Dragon fruit
V14-SIO-00123,Malus domestica,Maçã,Apple
V14-SIO-00124,Camellia oleifera,Camélia-oleaginosa,Oil-tea camellia
V14-SIO-00125,Camellia oleifera,Camélia-oleaginosa,Oil-tea camellia
V14-SIO-00126,Camellia oleifera,Camélia-oleaginosa,Oil-tea camellia
V14-SIO-00127,Capparis spinosa,Alcaparra,Caper
V14-SIO-00128,Passiflora edulis,Maracujá,Passion fruit
V14-SIO-00129,Physalis peruviana,Fisális,Cape gooseberry
V14-SIO-00130,Passiflora ligularis,Granadilha,Sweet granadilla
V14-SIO-00131,Lonicera caerulea,Madressilva-azul,Honeyberry
V14-SIO-00132,Lonicera caerulea,Madressilva-azul,Honeyberry
V14-SIO-00133,Citrus clementina,Clementina,Clementine
V14-SIO-00134,Citrus clementina,Clementina,Clementine
V14-SIO-00135,Prunus dulcis,Amêndoa,Almond
V14-SIO-00136,Brassica napus,Canola / colza,Rapeseed
V14-SIO-00137,Brassica napus,Canola / colza,Rapeseed
V14-SIO-00138,Brassica napus,Canola / colza,Rapeseed
V14-SIO-00139,Brassica napus,Canola / colza,Rapeseed
V14-SIO-00140,Brassica napus,Canola / colza,Rapeseed
V14-SIO-00141,Brassica napus,Canola / colza,Rapeseed
V14-SIO-00142,Brassica napus,Canola / colza,Rapeseed
V14-SIO-00143,Brassica napus,Canola / colza,Rapeseed
V14-SIO-00144,Brassica napus,Canola / colza,Rapeseed
V14-SIO-00145,Brassica napus,Canola / colza,Rapeseed
V14-SIO-00146,Brassica napus,Canola / colza,Rapeseed
V14-SIO-00147,Brassica napus,Canola / colza,Rapeseed
V14-SIO-00148,Brassica napus,Canola / colza,Rapeseed
V14-SIO-00149,Brassica napus,Canola / colza,Rapeseed
V14-SIO-00150,Brassica napus,Canola / colza,Rapeseed
V14-SIO-00151,Brassica napus,Canola / colza,Rapeseed
V14-SIO-00152,Brassica napus,Canola / colza,Rapeseed
V14-SIO-00153,Brassica napus,Canola / colza,Rapeseed
V14-SIO-00154,Brassica napus,Canola / colza,Rapeseed
V14-SIO-00155,Brassica napus,Canola / colza,Rapeseed
V14-SIO-00156,Brassica napus,Canola / colza,Rapeseed
V14-SIO-00157,Brassica napus,Canola / colza,Rapeseed
V14-SIO-00158,Malus domestica,Maçã,Apple
V14-SIO-00159,Malus domestica,Maçã,Apple
V14-SIO-00160,Malus domestica,Maçã,Apple
V14-SIO-00161,Malus domestica,Maçã,Apple
V14-SIO-00162,Malus domestica,Maçã,Apple
V14-SIO-00163,Malus domestica,Maçã,Apple
V14-SIO-00164,Malus domestica,Maçã,Apple
V14-SIO-00165,Malus domestica,Maçã,Apple
V14-SIO-00166,Malus domestica,Maçã,Apple
V14-SIO-00167,Malus domestica,Maçã,Apple
V14-SIO-00168,Malus domestica,Maçã,Apple
V14-SIO-00169,Prunus avium,Cereja-doce,Sweet cherry
V14-SIO-00170,Brassica napus,Canola / colza,Rapeseed
V14-SIO-00171,Brassica napus,Canola / colza,Rapeseed
V14-SIO-00172,Brassica napus,Canola / colza,Rapeseed
V14-SIO-00173,Brassica napus,Canola / colza,Rapeseed
V14-SIO-00174,Malus domestica,Maçã,Apple
V14-SIO-00175,Malus domestica,Maçã,Apple
V14-SIO-00176,Malus domestica,Maçã,Apple
V14-SIO-00177,Malus domestica,Maçã,Apple
V14-SIO-00178,Malus domestica,Maçã,Apple
V14-SIO-00179,Malus domestica,Maçã,Apple
V14-SIO-00180,Malus domestica,Maçã,Apple
V14-SIO-00181,Malus domestica,Maçã,Apple
V14-SIO-00182,Malus domestica,Maçã,Apple
V14-SIO-00183,Malus domestica,Maçã,Apple
V14-SIO-00184,Malus domestica,Maçã,Apple
V14-SIO-00185,Malus domestica,Maçã,Apple
V14-SIO-00186,Malus domestica,Maçã,Apple
V14-SIO-00187,Malus domestica,Maçã,Apple
V14-SIO-00188,Malus domestica,Maçã,Apple
V14-SIO-00189,Malus domestica,Maçã,Apple
V14-SIO-00190,Malus domestica,Maçã,Apple
V14-SIO-00191,Malus domestica,Maçã,Apple
V14-SIO-00192,Malus domestica,Maçã,Apple
V14-SIO-00193,Malus domestica,Maçã,Apple
V14-SIO-00194,Malus domestica,Maçã,Apple
V14-SIO-00195,Malus domestica,Maçã,Apple
V14-SIO-00196,Malus domestica,Maçã,Apple
V14-SIO-00197,Fragaria x ananassa,Morango,Strawberry
V14-SIO-00198,Cucurbita pepo,Abóbora / abobrinha,Pumpkin / zucchini
V14-SIO-00199,Vitellaria paradoxa,Carité,Shea
V14-SIO-00200,Vitellaria paradoxa,Carité,Shea
V14-SIO-00201,Vitellaria paradoxa,Carité,Shea
V14-SIO-00202,Vitellaria paradoxa,Carité,Shea
V14-SIO-00203,Citrullus lanatus,Melancia,Watermelon
V14-SIO-00204,Prunus cerasus,Cereja-ácida,Sour cherry
V14-SIO-00205,Prunus cerasus,Cereja-ácida,Sour cherry
V14-SIO-00206,Prunus cerasus,Cereja-ácida,Sour cherry
V14-SIO-00207,Prunus cerasus,Cereja-ácida,Sour cherry
V14-SIO-00208,Prunus cerasus,Cereja-ácida,Sour cherry
V14-SIO-00209,Prunus cerasus,Cereja-ácida,Sour cherry
V14-SIO-00210,Prunus cerasus,Cereja-ácida,Sour cherry
V14-SIO-00211,Prunus cerasus,Cereja-ácida,Sour cherry
V14-SIO-00212,Prunus cerasus,Cereja-ácida,Sour cherry
V14-SIO-00213,Luffa aegyptiaca,Bucha-vegetal,Sponge gourd
V14-SIO-00214,Luffa aegyptiaca,Bucha-vegetal,Sponge gourd
V14-SIO-00215,Luffa aegyptiaca,Bucha-vegetal,Sponge gourd
V14-SIO-00216,Luffa aegyptiaca,Bucha-vegetal,Sponge gourd
V14-SIO-00217,Prunus avium,Cereja-doce,Sweet cherry
V14-SIO-00218,Capsicum annuum,Pimentão / pimenta,Bell pepper / chili pepper
V14-SIO-00219,Momordica charantia,Melão-de-são-caetano,Bitter melon
V14-SIO-00220,Momordica charantia,Melão-de-são-caetano,Bitter melon
V14-SIO-00221,Momordica charantia,Melão-de-são-caetano,Bitter melon
V14-SIO-00222,Momordica charantia,Melão-de-são-caetano,Bitter melon
V14-SIO-00223,Momordica charantia,Melão-de-são-caetano,Bitter melon
V14-SIO-00224,Solanum lycopersicum,Tomate,Tomato
V14-SIO-00225,Solanum lycopersicum,Tomate,Tomato
V14-SIO-00226,Solanum melongena,Berinjela,Eggplant
V14-SIO-00227,Solanum melongena,Berinjela,Eggplant
V14-SIO-00228,Solanum melongena,Berinjela,Eggplant
V14-SIO-00229,Solanum melongena,Berinjela,Eggplant
V14-SIO-00230,Trichosanthes cucumerina,Abóbora-serpente,Snake gourd
V14-SIO-00231,Trichosanthes cucumerina,Abóbora-serpente,Snake gourd
V14-SIO-00232,Trichosanthes cucumerina,Abóbora-serpente,Snake gourd
V14-SIO-00233,Trichosanthes cucumerina,Abóbora-serpente,Snake gourd
V14-SIO-00234,Trichosanthes dioica,Abóbora-pontuda,Pointed gourd
V14-SIO-00235,Trichosanthes dioica,Abóbora-pontuda,Pointed gourd
V14-SIO-00236,Brassica juncea,Mostarda-castanha,Brown mustard
V14-SIO-00237,Brassica juncea,Mostarda-castanha,Brown mustard
V14-SIO-00238,Cucumis sativus,Pepino,Cucumber
V14-SIO-00239,Momordica charantia,Melão-de-são-caetano,Bitter melon
V14-SIO-00240,Trifolium alexandrinum,,
V14-SIO-00241,Trifolium alexandrinum,,
V14-SIO-00242,Helianthus annuus,Girassol,Sunflower
V14-SIO-00243,Punica granatum,Romã,Pomegranate
V14-SIO-00244,Punica granatum,Romã,Pomegranate
V14-SIO-00245,Punica granatum,Romã,Pomegranate
V14-SIO-00246,Brassica juncea,Mostarda-castanha,Brown mustard
V14-SIO-00247,Brassica juncea,Mostarda-castanha,Brown mustard
V14-SIO-00248,Brassica napus,Canola / colza,Rapeseed
V14-SIO-00249,Brassica napus,Canola / colza,Rapeseed
V14-SIO-00250,Brassica rapa,Nabo / couve-chinesa,Turnip / Chinese cabbage
V14-SIO-00251,Brassica rapa,Nabo / couve-chinesa,Turnip / Chinese cabbage
V14-SIO-00252,Coffea canephora,Café robusta / conilon,Robusta coffee
V14-SIO-00253,Luffa acutangula,Bucha-angular,Ridge gourd
V14-SIO-00254,Luffa acutangula,Bucha-angular,Ridge gourd
V14-SIO-00255,Citrus limon,Limão-siciliano,Lemon
V14-SIO-00256,Anacardium occidentale,Caju,Cashew
V14-SIO-00257,Cucurbita pepo,Abóbora / abobrinha,Pumpkin / zucchini
V14-SIO-00258,Cucurbita pepo,Abóbora / abobrinha,Pumpkin / zucchini
V14-SIO-00259,Cucurbita pepo,Abóbora / abobrinha,Pumpkin / zucchini
V14-SIO-00260,Cucurbita pepo,Abóbora / abobrinha,Pumpkin / zucchini
V14-SIO-00261,Cucumis melo,Melão,Melon
V14-SIO-00262,Cucumis melo,Melão,Melon
V14-SIO-00263,Actinidia chinensis var. deliciosa,Kiwi,Kiwifruit
V14-SIO-00264,Actinidia chinensis var. deliciosa,Kiwi,Kiwifruit
V14-SIO-00265,Actinidia chinensis var. deliciosa,Kiwi,Kiwifruit
V14-SIO-00266,Actinidia chinensis var. deliciosa,Kiwi,Kiwifruit
V14-SIO-00267,Cajanus cajan,Feijão-guandu,Pigeon pea
V14-SIO-00268,Cajanus cajan,Feijão-guandu,Pigeon pea
V14-SIO-00269,Cajanus cajan,Feijão-guandu,Pigeon pea
V14-SIO-00270,Cajanus cajan,Feijão-guandu,Pigeon pea
V14-SIO-00271,Cajanus cajan,Feijão-guandu,Pigeon pea
V14-SIO-00272,Cajanus cajan,Feijão-guandu,Pigeon pea
V14-SIO-00273,Capsicum annuum,Pimentão / pimenta,Bell pepper / chili pepper
V14-SIO-00274,Capsicum annuum,Pimentão / pimenta,Bell pepper / chili pepper
V14-SIO-00275,Capsicum annuum,Pimentão / pimenta,Bell pepper / chili pepper
V14-SIO-00276,Capsicum annuum,Pimentão / pimenta,Bell pepper / chili pepper
V14-SIO-00277,Capsicum annuum,Pimentão / pimenta,Bell pepper / chili pepper
V14-SIO-00278,Capsicum annuum,Pimentão / pimenta,Bell pepper / chili pepper
V14-SIO-00279,Capsicum annuum,Pimentão / pimenta,Bell pepper / chili pepper
V14-SIO-00280,Capsicum annuum,Pimentão / pimenta,Bell pepper / chili pepper
V14-SIO-00281,Capsicum annuum,Pimentão / pimenta,Bell pepper / chili pepper
V14-SIO-00282,Capsicum annuum,Pimentão / pimenta,Bell pepper / chili pepper
V14-SIO-00283,Capsicum annuum,Pimentão / pimenta,Bell pepper / chili pepper
V14-SIO-00284,Theobroma cacao,Cacau,Cacao
V14-SIO-00285,Coffea arabica,Café arábica,Arabica coffee
V14-SIO-00286,Coffea canephora,Café robusta / conilon,Robusta coffee
V14-SIO-00287,Elaeis guineensis,Dendê,Oil palm
V14-SIO-00288,Pyrus communis,Pera,Pear
V14-SIO-00289,Pyrus communis,Pera,Pear
V14-SIO-00290,Pyrus communis,Pera,Pear
V14-SIO-00291,Brassica napus,Canola / colza,Rapeseed
V14-SIO-00292,Brassica napus,Canola / colza,Rapeseed
V14-SIO-00293,Citrullus lanatus,Melancia,Watermelon
V14-SIO-00294,Jatropha curcas,Pinhão-manso,Physic nut
V14-SIO-00295,Citrullus lanatus,Melancia,Watermelon
V14-SIO-00296,Citrullus lanatus,Melancia,Watermelon
V14-SIO-00297,Helianthus annuus,Girassol,Sunflower
V14-SIO-00298,Actinidia chinensis var. deliciosa,Kiwi,Kiwifruit
V14-SIO-00299,Actinidia chinensis var. deliciosa,Kiwi,Kiwifruit
V14-SIO-00300,Diospyros kaki f.,Caqui,Persimmon
V14-SIO-00301,Nigella sativa,Cominho-negro,Black cumin
V14-SIO-00302,Nigella sativa,Cominho-negro,Black cumin
V14-SIO-00303,Eriobotrya japonica,Nêspera,Loquat
V14-SIO-00304,Eriobotrya japonica,Nêspera,Loquat
V14-SIO-00305,Momordica charantia,Melão-de-são-caetano,Bitter melon
V14-SIO-00306,Momordica charantia,Melão-de-são-caetano,Bitter melon
V14-SIO-00307,Malus domestica,Maçã,Apple
V14-SIO-00308,Malus domestica,Maçã,Apple
V14-SIO-00309,Malus domestica,Maçã,Apple
V14-SIO-00310,Malus domestica,Maçã,Apple
V14-SIO-00311,Malus domestica,Maçã,Apple
V14-SIO-00312,Malus domestica,Maçã,Apple
V14-SIO-00313,Malus domestica,Maçã,Apple
V14-SIO-00314,Malus domestica,Maçã,Apple
V14-SIO-00315,Malus domestica,Maçã,Apple
V14-SIO-00316,Malus domestica,Maçã,Apple
V14-SIO-00317,Malus domestica,Maçã,Apple
V14-SIO-00318,Malus domestica,Maçã,Apple
V14-SIO-00319,Malus domestica,Maçã,Apple
V14-SIO-00320,Malus domestica,Maçã,Apple
V14-SIO-00321,Malus domestica,Maçã,Apple
V14-SIO-00322,Malus domestica,Maçã,Apple
V14-SIO-00323,Malus domestica,Maçã,Apple
V14-SIO-00324,Malus domestica,Maçã,Apple
V14-SIO-00325,Malus domestica,Maçã,Apple
V14-SIO-00326,Malus domestica,Maçã,Apple
V14-SIO-00327,Malus domestica,Maçã,Apple
V14-SIO-00328,Malus domestica,Maçã,Apple
V14-SIO-00329,Malus domestica,Maçã,Apple
V14-SIO-00330,Malus domestica,Maçã,Apple
V14-SIO-00331,Malus domestica,Maçã,Apple
V14-SIO-00332,Jatropha curcas,Pinhão-manso,Physic nut
V14-SIO-00333,Mangifera indica,Manga,Mango
V14-SIO-00334,Mangifera indica,Manga,Mango
V14-SIO-00335,Carica papaya,Mamão,Papaya
V14-SIO-00336,Capsicum chinense,Pimenta,Chili pepper
V14-SIO-00337,Polaskia chichipe,,
V14-SIO-00338,Persea americana,Abacate,Avocado
V14-SIO-00339,Gossypium hirsutum,Algodão,Cotton
V14-SIO-00340,Brassica rapa,Nabo / couve-chinesa,Turnip / Chinese cabbage
V14-SIO-00341,Vaccinium corymbosum,Mirtilo,Highbush blueberry
V14-SIO-00342,Vaccinium corymbosum,Mirtilo,Highbush blueberry
V14-SIO-00343,Vaccinium corymbosum,Mirtilo,Highbush blueberry
V14-SIO-00344,Vaccinium corymbosum,Mirtilo,Highbush blueberry
V14-SIO-00345,Vaccinium corymbosum,Mirtilo,Highbush blueberry
V14-SIO-00346,Malus domestica,Maçã,Apple
V14-SIO-00347,Malus domestica,Maçã,Apple
V14-SIO-00348,Vaccinium corymbosum,Mirtilo,Highbush blueberry
V14-SIO-00349,Vaccinium corymbosum,Mirtilo,Highbush blueberry
V14-SIO-00350,Prunus armeniaca,Damasco,Apricot
V14-SIO-00351,Prunus armeniaca,Damasco,Apricot
V14-SIO-00352,Prunus armeniaca,Damasco,Apricot
V14-SIO-00353,Cucurbita moschata,Abóbora,Butternut squash
V14-SIO-00354,Actinidia chinensis,Kiwi,Kiwifruit
V14-SIO-00355,Actinidia chinensis var. deliciosa,Kiwi,Kiwifruit
V14-SIO-00356,Actinidia chinensis var. deliciosa,Kiwi,Kiwifruit
V14-SIO-00357,Actinidia chinensis var. deliciosa,Kiwi,Kiwifruit
V14-SIO-00358,Actinidia chinensis var. deliciosa,Kiwi,Kiwifruit
V14-SIO-00359,Actinidia chinensis var. deliciosa,Kiwi,Kiwifruit
V14-SIO-00360,Actinidia chinensis var. deliciosa,Kiwi,Kiwifruit
V14-SIO-00361,Actinidia chinensis var. deliciosa,Kiwi,Kiwifruit
V14-SIO-00362,Jatropha curcas,Pinhão-manso,Physic nut
V14-SIO-00363,Macadamia integrifolia,Macadâmia,Macadamia
V14-SIO-00364,Prunus dulcis,Amêndoa,Almond
V14-SIO-00365,Prunus dulcis,Amêndoa,Almond
V14-SIO-00366,Prunus dulcis,Amêndoa,Almond
V14-SIO-00367,Prunus dulcis,Amêndoa,Almond
V14-SIO-00368,Actinidia chinensis var. deliciosa,Kiwi,Kiwifruit
V14-SIO-00369,Malus domestica,Maçã,Apple
V14-SIO-00370,Malus domestica,Maçã,Apple
V14-SIO-00371,Malus domestica,Maçã,Apple
V14-SIO-00372,Malus domestica,Maçã,Apple
V14-SIO-00373,Malus domestica,Maçã,Apple
V14-SIO-00374,Malus domestica,Maçã,Apple
V14-SIO-00375,Malus domestica,Maçã,Apple
V14-SIO-00376,Malus domestica,Maçã,Apple
V14-SIO-00377,Malus domestica,Maçã,Apple
V14-SIO-00378,Malus domestica,Maçã,Apple
V14-SIO-00379,Malus domestica,Maçã,Apple
V14-SIO-00380,Malus domestica,Maçã,Apple
V14-SIO-00381,Malus domestica,Maçã,Apple
V14-SIO-00382,Malus domestica,Maçã,Apple
V14-SIO-00383,Malus domestica,Maçã,Apple
V14-SIO-00384,Malus domestica,Maçã,Apple
V14-SIO-00385,Malus domestica,Maçã,Apple
V14-SIO-00386,Malus domestica,Maçã,Apple
V14-SIO-00387,Malus domestica,Maçã,Apple
V14-SIO-00388,Malus domestica,Maçã,Apple
V14-SIO-00389,Malus domestica,Maçã,Apple
V14-SIO-00390,Malus domestica,Maçã,Apple
V14-SIO-00391,Malus domestica,Maçã,Apple
V14-SIO-00392,Malus domestica,Maçã,Apple
V14-SIO-00393,Malus domestica,Maçã,Apple
V14-SIO-00394,Malus domestica,Maçã,Apple
V14-SIO-00395,Malus domestica,Maçã,Apple
V14-SIO-00396,Prunus dulcis,Amêndoa,Almond
V14-SIO-00397,Prunus dulcis,Amêndoa,Almond
V14-SIO-00398,Prunus dulcis,Amêndoa,Almond
V14-SIO-00399,Prunus dulcis,Amêndoa,Almond
V14-SIO-00400,Prunus dulcis,Amêndoa,Almond
V14-SIO-00401,Prunus dulcis,Amêndoa,Almond
V14-SIO-00402,Prunus dulcis,Amêndoa,Almond
V14-SIO-00403,Prunus dulcis,Amêndoa,Almond
V14-SIO-00404,Prunus dulcis,Amêndoa,Almond
V14-SIO-00405,Prunus dulcis,Amêndoa,Almond
V14-SIO-00406,Prunus dulcis,Amêndoa,Almond
V14-SIO-00407,Prunus dulcis,Amêndoa,Almond
V14-SIO-00408,Prunus dulcis,Amêndoa,Almond
V14-SIO-00409,Prunus dulcis,Amêndoa,Almond
V14-SIO-00410,Prunus dulcis,Amêndoa,Almond
V14-SIO-00411,Prunus dulcis,Amêndoa,Almond
V14-SIO-00412,Prunus dulcis,Amêndoa,Almond
V14-SIO-00413,Prunus dulcis,Amêndoa,Almond
V14-SIO-00414,Prunus dulcis,Amêndoa,Almond
V14-SIO-00415,Prunus dulcis,Amêndoa,Almond
V14-SIO-00416,Abelmoschus esculentus,Quiabo,Okra
V14-SIO-00417,Vaccinium myrtillus,Mirtilo-europeu,Bilberry
V14-SIO-00418,Vaccinium vitis-idaea,Arando-vermelho,Lingonberry
V14-SIO-00419,Vicia faba,Fava,Fava bean
V14-SIO-00420,Vicia faba,Fava,Fava bean
V14-SIO-00421,Malus domestica,Maçã,Apple
V14-SIO-00422,Malus domestica,Maçã,Apple
V14-SIO-00423,Malus domestica,Maçã,Apple
V14-SIO-00424,Malus domestica,Maçã,Apple
V14-SIO-00425,Malus domestica,Maçã,Apple
V14-SIO-00426,Malus domestica,Maçã,Apple
V14-SIO-00427,Malus domestica,Maçã,Apple
V14-SIO-00428,Malus domestica,Maçã,Apple
V14-SIO-00429,Malus domestica,Maçã,Apple
V14-SIO-00430,Malus domestica,Maçã,Apple
V14-SIO-00431,Malus domestica,Maçã,Apple
V14-SIO-00432,Malus domestica,Maçã,Apple
V14-SIO-00433,Malus domestica,Maçã,Apple
V14-SIO-00434,Malus domestica,Maçã,Apple
V14-SIO-00435,Malus domestica,Maçã,Apple
V14-SIO-00436,Malus domestica,Maçã,Apple
V14-SIO-00437,Malus domestica,Maçã,Apple
V14-SIO-00438,Malus domestica,Maçã,Apple
V14-SIO-00439,Malus domestica,Maçã,Apple
V14-SIO-00440,Malus domestica,Maçã,Apple
V14-SIO-00441,Phaseolus vulgaris,Feijão-comum,Common bean
V14-SIO-00442,Phaseolus vulgaris,Feijão-comum,Common bean
V14-SIO-00443,Durio zibethinus,Durião,Durian
V14-SIO-00444,Psidium guajava,Goiaba,Guava
V14-SIO-00445,Jatropha curcas,Pinhão-manso,Physic nut
V14-SIO-00446,Jatropha curcas,Pinhão-manso,Physic nut
V14-SIO-00447,Litchi chinensis,Lichia,Lychee
V14-SIO-00448,Durio zibethinus,Durião,Durian
V14-SIO-00449,Diospyros kaki f.,Caqui,Persimmon
V14-SIO-00450,Diospyros kaki f.,Caqui,Persimmon
V14-SIO-00451,Diospyros kaki f.,Caqui,Persimmon
V14-SIO-00452,Coffea canephora,Café robusta / conilon,Robusta coffee
V14-SIO-00453,Vitellaria paradoxa,Carité,Shea
V14-SIO-00454,Vitellaria paradoxa,Carité,Shea
V14-SIO-00455,Malus domestica,Maçã,Apple
V14-SIO-00456,Malus domestica,Maçã,Apple
V14-SIO-00457,Malus domestica,Maçã,Apple
V14-SIO-00458,Malus domestica,Maçã,Apple
V14-SIO-00459,Malus domestica,Maçã,Apple
V14-SIO-00460,Malus domestica,Maçã,Apple
V14-SIO-00461,Malus domestica,Maçã,Apple
V14-SIO-00462,Malus domestica,Maçã,Apple
V14-SIO-00463,Pyrus communis,Pera,Pear
V14-SIO-00464,Pyrus communis,Pera,Pear
V14-SIO-00465,Malus domestica,Maçã,Apple
V14-SIO-00466,Malus domestica,Maçã,Apple
V14-SIO-00467,Malus domestica,Maçã,Apple
V14-SIO-00468,Malus domestica,Maçã,Apple
V14-SIO-00469,Malus domestica,Maçã,Apple
V14-SIO-00470,Malus domestica,Maçã,Apple
V14-SIO-00471,Malus domestica,Maçã,Apple
V14-SIO-00472,Malus domestica,Maçã,Apple
V14-SIO-00473,Malus domestica,Maçã,Apple
V14-SIO-00474,Malus domestica,Maçã,Apple
V14-SIO-00475,Malus domestica,Maçã,Apple
V14-SIO-00476,Malus domestica,Maçã,Apple
V14-SIO-00477,Malus domestica,Maçã,Apple
V14-SIO-00478,Malus domestica,Maçã,Apple
V14-SIO-00479,Malus domestica,Maçã,Apple
V14-SIO-00480,Malus domestica,Maçã,Apple
V14-SIO-00481,Malus domestica,Maçã,Apple
V14-SIO-00482,Malus domestica,Maçã,Apple
V14-SIO-00483,Malus domestica,Maçã,Apple
V14-SIO-00484,Malus domestica,Maçã,Apple
V14-SIO-00485,Malus domestica,Maçã,Apple
V14-SIO-00486,Malus domestica,Maçã,Apple
V14-SIO-00487,Malus domestica,Maçã,Apple
V14-SIO-00488,Malus domestica,Maçã,Apple
V14-SIO-00489,Malus domestica,Maçã,Apple
V14-SIO-00490,Malus domestica,Maçã,Apple
V14-SIO-00491,Malus domestica,Maçã,Apple
V14-SIO-00492,Malus domestica,Maçã,Apple
V14-SIO-00493,Malus domestica,Maçã,Apple
V14-SIO-00494,Malus domestica,Maçã,Apple
V14-SIO-00495,Malus domestica,Maçã,Apple
V14-SIO-00496,Malus domestica,Maçã,Apple
V14-SIO-00497,Malus domestica,Maçã,Apple
V14-SIO-00498,Malus domestica,Maçã,Apple
V14-SIO-00499,Malus domestica,Maçã,Apple
V14-SIO-00500,Malus domestica,Maçã,Apple
V14-SIO-00501,Malus domestica,Maçã,Apple
V14-SIO-00502,Malus domestica,Maçã,Apple
V14-SIO-00503,Malus domestica,Maçã,Apple
V14-SIO-00504,Malus domestica,Maçã,Apple
V14-SIO-00505,Malus domestica,Maçã,Apple
V14-SIO-00506,Malus domestica,Maçã,Apple
V14-SIO-00507,Malus domestica,Maçã,Apple
V14-SIO-00508,Cucurbita pepo,Abóbora / abobrinha,Pumpkin / zucchini
V14-SIO-00509,Cucurbita pepo,Abóbora / abobrinha,Pumpkin / zucchini
V14-SIO-00510,Malus domestica,Maçã,Apple
V14-SIO-00511,Malus domestica,Maçã,Apple
V14-SIO-00512,Actinidia chinensis,Kiwi,Kiwifruit
V14-SIO-00513,Actinidia chinensis,Kiwi,Kiwifruit
V14-SIO-00514,Vaccinium corymbosum,Mirtilo,Highbush blueberry
V14-SIO-00515,Citrus clementina,Clementina,Clementine
V14-SIO-00516,Citrus clementina,Clementina,Clementine
V14-SIO-00517,Citrus clementina,Clementina,Clementine
V14-SIO-00518,Fragaria x ananassa,Morango,Strawberry
V14-SIO-00519,Gossypium hirsutum,Algodão,Cotton
V14-SIO-00520,Artocarpus heterophyllus,Jaca,Jackfruit
V14-SIO-00521,Artocarpus heterophyllus,Jaca,Jackfruit
V14-SIO-00522,Vaccinium corymbosum,Mirtilo,Highbush blueberry
V14-SIO-00523,Prunus avium,Cereja-doce,Sweet cherry
V14-SIO-00524,Prunus dulcis,Amêndoa,Almond
V14-SIO-00525,Vaccinium corymbosum,Mirtilo,Highbush blueberry
V14-SIO-00526,Vaccinium corymbosum,Mirtilo,Highbush blueberry
V14-SIO-00527,Vaccinium corymbosum,Mirtilo,Highbush blueberry
V14-SIO-00528,Vaccinium corymbosum,Mirtilo,Highbush blueberry
V14-SIO-00529,Vaccinium corymbosum,Mirtilo,Highbush blueberry
V14-SIO-00530,Vaccinium corymbosum,Mirtilo,Highbush blueberry
V14-SIO-00531,Helianthus annuus,Girassol,Sunflower
V14-SIO-00532,Helianthus annuus,Girassol,Sunflower
V14-SIO-00533,Helianthus annuus,Girassol,Sunflower
V14-SIO-00534,Helianthus annuus,Girassol,Sunflower
V14-SIO-00535,Helianthus annuus,Girassol,Sunflower
V14-SIO-00536,Citrus paradisi,Toranja,Grapefruit
V14-SIO-00537,Citrus paradisi,Toranja,Grapefruit
V14-SIO-00538,Citrus paradisi,Toranja,Grapefruit
V14-SIO-00539,Citrus paradisi,Toranja,Grapefruit
V14-SIO-00540,Citrus paradisi,Toranja,Grapefruit
V14-SIO-00541,Citrus paradisi,Toranja,Grapefruit
V14-SIO-00542,Citrus paradisi,Toranja,Grapefruit
V14-SIO-00543,Citrus paradisi,Toranja,Grapefruit
V14-SIO-00544,Citrus paradisi,Toranja,Grapefruit
V14-SIO-00545,Citrus paradisi,Toranja,Grapefruit
V14-SIO-00546,Citrus paradisi,Toranja,Grapefruit
V14-SIO-00547,Citrus paradisi,Toranja,Grapefruit
V14-SIO-00548,Citrus paradisi,Toranja,Grapefruit
V14-SIO-00549,Passiflora edulis,Maracujá,Passion fruit
V14-SIO-00550,Passiflora edulis,Maracujá,Passion fruit
V14-SIO-00551,Passiflora edulis,Maracujá,Passion fruit
V14-SIO-00552,Passiflora edulis,Maracujá,Passion fruit
V14-SIO-00553,Asimina parviflora,Papaia-da-américa,Smallflower pawpaw
V14-SIO-00554,Asimina parviflora,Papaia-da-américa,Smallflower pawpaw
V14-SIO-00555,Solanum lycopersicum,Tomate,Tomato
V14-SIO-00556,Diospyros kaki f.,Caqui,Persimmon
V14-SIO-00557,Diospyros kaki f.,Caqui,Persimmon
V14-SIO-00558,Diospyros kaki f.,Caqui,Persimmon
V14-SIO-00559,Cucumis melo,Melão,Melon
V14-SIO-00560,Cucumis melo,Melão,Melon
V14-SIO-00561,Jatropha curcas,Pinhão-manso,Physic nut
V14-SIO-00562,Jatropha curcas,Pinhão-manso,Physic nut
V14-SIO-00563,Actinidia chinensis,Kiwi,Kiwifruit
V14-SIO-00564,Actinidia chinensis,Kiwi,Kiwifruit
V14-SIO-00565,Jatropha curcas,Pinhão-manso,Physic nut
V14-SIO-00566,Nigella sativa,Cominho-negro,Black cumin
V14-SIO-00567,Nigella sativa,Cominho-negro,Black cumin
V14-SIO-00568,Carica papaya,Mamão,Papaya
V14-SIO-00569,Sesamum indicum,Gergelim,Sesame
V14-SIO-00570,Luffa aegyptiaca,Bucha-vegetal,Sponge gourd
V14-SIO-00571,Luffa aegyptiaca,Bucha-vegetal,Sponge gourd
V14-SIO-00572,Luffa aegyptiaca,Bucha-vegetal,Sponge gourd
V14-SIO-00573,Luffa aegyptiaca,Bucha-vegetal,Sponge gourd
V14-SIO-00574,Passiflora edulis,Maracujá,Passion fruit
V14-SIO-00575,Citrus clementina,Clementina,Clementine
V14-SIO-00576,Citrus clementina,Clementina,Clementine
V14-SIO-00577,Prunus avium,Cereja-doce,Sweet cherry
V14-SIO-00578,Helianthus annuus,Girassol,Sunflower
V14-SIO-00579,Cucurbita moschata,Abóbora,Butternut squash
V14-SIO-00580,Vaccinium corymbosum,Mirtilo,Highbush blueberry
V14-SIO-00581,Vaccinium corymbosum,Mirtilo,Highbush blueberry
V14-SIO-00582,Vaccinium corymbosum,Mirtilo,Highbush blueberry
V14-SIO-00583,Vaccinium corymbosum,Mirtilo,Highbush blueberry
V14-SIO-00584,Vaccinium corymbosum,Mirtilo,Highbush blueberry
V14-SIO-00585,Brassica napus,Canola / colza,Rapeseed
V14-SIO-00586,Brassica napus,Canola / colza,Rapeseed
V14-SIO-00587,Brassica napus,Canola / colza,Rapeseed
V14-SIO-00588,Cucurbita pepo,Abóbora / abobrinha,Pumpkin / zucchini
V14-SIO-00589,Passiflora edulis,Maracujá,Passion fruit
V14-SIO-00590,Theobroma cacao,Cacau,Cacao
V14-SIO-00591,Vaccinium macrocarpon,Oxicoco,Cranberry
V14-SIO-00592,Durio zibethinus,Durião,Durian
V14-SIO-00593,Vaccinium corymbosum,Mirtilo,Highbush blueberry
V14-SIO-00594,Vaccinium corymbosum,Mirtilo,Highbush blueberry
V14-SIO-00595,Malus domestica,Maçã,Apple
V14-SIO-00596,Malus domestica,Maçã,Apple
V14-SIO-00597,Malus domestica,Maçã,Apple
V14-SIO-00598,Malus domestica,Maçã,Apple
V14-SIO-00599,Malus domestica,Maçã,Apple
V14-SIO-00600,Malus domestica,Maçã,Apple
V14-SIO-00601,Malus domestica,Maçã,Apple
V14-SIO-00602,Euterpe oleracea,Açaí,Açaí
V14-SIO-00603,Malus domestica,Maçã,Apple
V14-SIO-00604,Vaccinium corymbosum,Mirtilo,Highbush blueberry
V14-SIO-00605,Paeonia ostii,,
V14-SIO-00606,Solanum lycopersicum,Tomate,Tomato
V14-SIO-00607,Solanum lycopersicum,Tomate,Tomato
V14-SIO-00608,Momordica charantia,Melão-de-são-caetano,Bitter melon
V14-SIO-00609,Momordica charantia,Melão-de-são-caetano,Bitter melon
V14-SIO-00610,Momordica charantia,Melão-de-são-caetano,Bitter melon
V14-SIO-00611,Momordica charantia,Melão-de-são-caetano,Bitter melon
V14-SIO-00612,Trichosanthes cucumerina,Abóbora-serpente,Snake gourd
V14-SIO-00613,Trichosanthes cucumerina,Abóbora-serpente,Snake gourd
V14-SIO-00614,Momordica charantia,Melão-de-são-caetano,Bitter melon
V14-SIO-00615,Capsicum annuum,Pimentão / pimenta,Bell pepper / chili pepper
V14-SIO-00616,Trichosanthes cucumerina,Abóbora-serpente,Snake gourd
V14-SIO-00617,Solanum melongena,Berinjela,Eggplant
V14-SIO-00618,Solanum melongena,Berinjela,Eggplant
V14-SIO-00619,Solanum melongena,Berinjela,Eggplant
V14-SIO-00620,Solanum melongena,Berinjela,Eggplant
V14-SIO-00621,Trichosanthes cucumerina,Abóbora-serpente,Snake gourd
V14-SIO-00622,Actinidia chinensis var. deliciosa,Kiwi,Kiwifruit
V14-SIO-00623,Actinidia chinensis,Kiwi,Kiwifruit
V14-SIO-00624,Actinidia chinensis var. deliciosa,Kiwi,Kiwifruit
V14-SIO-00625,Actinidia chinensis var. deliciosa,Kiwi,Kiwifruit
V14-SIO-00626,Actinidia chinensis var. deliciosa,Kiwi,Kiwifruit
V14-SIO-00627,Actinidia chinensis var. deliciosa,Kiwi,Kiwifruit
V14-SIO-00628,Actinidia chinensis var. deliciosa,Kiwi,Kiwifruit
V14-SIO-00629,Actinidia chinensis var. deliciosa,Kiwi,Kiwifruit
V14-SIO-00630,Annona crassiflora,Araticum,Araticum
V14-SIO-00631,Annona crassiflora,Araticum,Araticum
V14-SIO-00632,Bertholletia excelsa,Castanha-do-brasil,Brazil nut
V14-SIO-00633,Citrus paradisi,Toranja,Grapefruit
V14-SIO-00634,Citrus paradisi,Toranja,Grapefruit
V14-SIO-00635,Citrus clementina,Clementina,Clementine
V14-SIO-00636,Citrus clementina,Clementina,Clementine
V14-SIO-00637,Citrus clementina,Clementina,Clementine
V14-SIO-00638,Physalis peruviana,Fisális,Cape gooseberry
V14-SIO-00639,Prunus dulcis,Amêndoa,Almond
V14-SIO-00640,Fragaria x ananassa,Morango,Strawberry
V14-SIO-00641,Actinidia chinensis var. deliciosa,Kiwi,Kiwifruit
V14-SIO-00642,Actinidia chinensis var. deliciosa,Kiwi,Kiwifruit
V14-SIO-00643,Gossypium hirsutum,Algodão,Cotton
V14-SIO-00644,Trichosanthes dioica,Abóbora-pontuda,Pointed gourd
V14-SIO-00645,Trichosanthes dioica,Abóbora-pontuda,Pointed gourd
V14-SIO-00646,Prunus cerasus,Cereja-ácida,Sour cherry
V14-SIO-00647,Prunus cerasus,Cereja-ácida,Sour cherry
V14-SIO-00648,Prunus cerasus,Cereja-ácida,Sour cherry
V14-SIO-00649,Prunus cerasus,Cereja-ácida,Sour cherry
V14-SIO-00650,Prunus cerasus,Cereja-ácida,Sour cherry
V14-SIO-00651,Prunus cerasus,Cereja-ácida,Sour cherry
V14-SIO-00652,Prunus cerasus,Cereja-ácida,Sour cherry
V14-SIO-00653,Prunus cerasus,Cereja-ácida,Sour cherry
V14-SIO-00654,Prunus cerasus,Cereja-ácida,Sour cherry
V14-SIO-00655,Brassica juncea,Mostarda-castanha,Brown mustard
V14-SIO-00656,Brassica juncea,Mostarda-castanha,Brown mustard
V14-SIO-00657,Momordica charantia,Melão-de-são-caetano,Bitter melon
V14-SIO-00658,Cucumis sativus,Pepino,Cucumber
V14-SIO-00659,Phaseolus vulgaris,Feijão-comum,Common bean
V14-SIO-00660,Artocarpus heterophyllus,Jaca,Jackfruit
V14-SIO-00661,Artocarpus heterophyllus,Jaca,Jackfruit
V14-SIO-00662,Pyrus communis,Pera,Pear
V14-SIO-00663,Physalis angulata,Fisális,Groundcherry
V14-SIO-00664,Pyrus communis,Pera,Pear
V14-SIO-00665,Pyrus communis,Pera,Pear
V14-SIO-00666,Eriobotrya japonica,Nêspera,Loquat
V14-SIO-00667,Eriobotrya japonica,Nêspera,Loquat
V14-SIO-00668,Anacardium occidentale,Caju,Cashew
V14-SIO-00669,Malpighia emarginata,Acerola,Acerola
V14-SIO-00670,Vaccinium vitis-idaea,Arando-vermelho,Lingonberry
V14-SIO-00671,Vaccinium myrtillus,Mirtilo-europeu,Bilberry
V14-SIO-00672,Citrullus lanatus,Melancia,Watermelon
V14-SIO-00673,Malus domestica,Maçã,Apple
V14-SIO-00674,Malus domestica,Maçã,Apple
V14-SIO-00675,Malus domestica,Maçã,Apple
V14-SIO-00676,Malus domestica,Maçã,Apple
V14-SIO-00677,Malus domestica,Maçã,Apple
V14-SIO-00678,Malus domestica,Maçã,Apple
V14-SIO-00679,Malus domestica,Maçã,Apple
V14-SIO-00680,Malus domestica,Maçã,Apple
V14-SIO-00681,Malus domestica,Maçã,Apple
V14-SIO-00682,Malus domestica,Maçã,Apple
V14-SIO-00683,Malus domestica,Maçã,Apple
V14-SIO-00684,Malus domestica,Maçã,Apple
V14-SIO-00685,Malus domestica,Maçã,Apple
V14-SIO-00686,Malus domestica,Maçã,Apple
V14-SIO-00687,Malus domestica,Maçã,Apple
V14-SIO-00688,Malus domestica,Maçã,Apple
V14-SIO-00689,Malus domestica,Maçã,Apple
V14-SIO-00690,Malus domestica,Maçã,Apple
V14-SIO-00691,Malus domestica,Maçã,Apple
V14-SIO-00692,Malus domestica,Maçã,Apple
V14-SIO-00693,Malus domestica,Maçã,Apple
V14-SIO-00694,Malus domestica,Maçã,Apple
V14-SIO-00695,Malus domestica,Maçã,Apple
V14-SIO-00696,Malus domestica,Maçã,Apple
V14-SIO-00697,Malus domestica,Maçã,Apple
V14-SIO-00698,Malus domestica,Maçã,Apple
V14-SIO-00699,Malus domestica,Maçã,Apple
V14-SIO-00700,Malus domestica,Maçã,Apple
V14-SIO-00701,Malus domestica,Maçã,Apple
V14-SIO-00702,Malus domestica,Maçã,Apple
V14-SIO-00703,Malus domestica,Maçã,Apple
V14-SIO-00704,Malus domestica,Maçã,Apple
V14-SIO-00705,Malus domestica,Maçã,Apple
V14-SIO-00706,Malus domestica,Maçã,Apple
V14-SIO-00707,Malus domestica,Maçã,Apple
V14-SIO-00708,Malus domestica,Maçã,Apple
V14-SIO-00709,Malus domestica,Maçã,Apple
V14-SIO-00710,Malus domestica,Maçã,Apple
V14-SIO-00711,Malus domestica,Maçã,Apple
V14-SIO-00712,Malus domestica,Maçã,Apple
V14-SIO-00713,Malus domestica,Maçã,Apple
V14-SIO-00714,Malus domestica,Maçã,Apple
V14-SIO-00715,Malus domestica,Maçã,Apple
V14-SIO-00716,Malus domestica,Maçã,Apple
V14-SIO-00717,Malus domestica,Maçã,Apple
V14-SIO-00718,Malus domestica,Maçã,Apple
V14-SIO-00719,Malus domestica,Maçã,Apple
V14-SIO-00720,Malus domestica,Maçã,Apple
V14-SIO-00721,Malus domestica,Maçã,Apple
V14-SIO-00722,Malus domestica,Maçã,Apple
V14-SIO-00723,Malus domestica,Maçã,Apple
V14-SIO-00724,Malus domestica,Maçã,Apple
V14-SIO-00725,Malus domestica,Maçã,Apple
V14-SIO-00726,Malus domestica,Maçã,Apple
V14-SIO-00727,Malus domestica,Maçã,Apple
V14-SIO-00728,Malus domestica,Maçã,Apple
V14-SIO-00729,Malus domestica,Maçã,Apple
V14-SIO-00730,Malus domestica,Maçã,Apple
V14-SIO-00731,Malus domestica,Maçã,Apple
V14-SIO-00732,Malus domestica,Maçã,Apple
V14-SIO-00733,Malus domestica,Maçã,Apple
V14-SIO-00734,Malus domestica,Maçã,Apple
V14-SIO-00735,Malus domestica,Maçã,Apple
V14-SIO-00736,Malus domestica,Maçã,Apple
V14-SIO-00737,Malus domestica,Maçã,Apple
V14-SIO-00738,Malus domestica,Maçã,Apple
V14-SIO-00739,Malus domestica,Maçã,Apple
V14-SIO-00740,Malus domestica,Maçã,Apple
V14-SIO-00741,Malus domestica,Maçã,Apple
V14-SIO-00742,Malus domestica,Maçã,Apple
V14-SIO-00743,Malus domestica,Maçã,Apple
V14-SIO-00744,Malus domestica,Maçã,Apple
V14-SIO-00745,Malus domestica,Maçã,Apple
V14-SIO-00746,Malus domestica,Maçã,Apple
V14-SIO-00747,Malus domestica,Maçã,Apple
V14-SIO-00748,Malus domestica,Maçã,Apple
V14-SIO-00749,Malus domestica,Maçã,Apple
V14-SIO-00750,Malus domestica,Maçã,Apple
V14-SIO-00751,Malus domestica,Maçã,Apple
V14-SIO-00752,Malus domestica,Maçã,Apple
V14-SIO-00753,Malus domestica,Maçã,Apple
V14-SIO-00754,Malus domestica,Maçã,Apple
V14-SIO-00755,Malus domestica,Maçã,Apple
V14-SIO-00756,Malus domestica,Maçã,Apple
V14-SIO-00757,Malus domestica,Maçã,Apple
V14-SIO-00758,Malus domestica,Maçã,Apple
V14-SIO-00759,Malus domestica,Maçã,Apple
V14-SIO-00760,Malus domestica,Maçã,Apple
V14-SIO-00761,Malus domestica,Maçã,Apple
V14-SIO-00762,Malus domestica,Maçã,Apple
V14-SIO-00763,Malus domestica,Maçã,Apple
V14-SIO-00764,Diospyros kaki f.,Caqui,Persimmon
V14-SIO-00765,Diospyros kaki f.,Caqui,Persimmon
V14-SIO-00766,Vaccinium corymbosum,Mirtilo,Highbush blueberry
V14-SIO-00767,Vaccinium corymbosum,Mirtilo,Highbush blueberry
V14-SIO-00768,Macadamia integrifolia,Macadâmia,Macadamia
V14-SIO-00769,Malus domestica,Maçã,Apple
V14-SIO-00770,Malus domestica,Maçã,Apple
V14-SIO-00771,Vaccinium corymbosum,Mirtilo,Highbush blueberry
V14-SIO-00772,Vaccinium corymbosum,Mirtilo,Highbush blueberry
V14-SIO-00773,Prunus avium,Cereja-doce,Sweet cherry
V14-SIO-00774,Passiflora ligularis,Granadilha,Sweet granadilla
V14-SIO-00775,Psidium guajava,Goiaba,Guava
V14-SIO-00776,Acca sellowiana,Goiaba-serrana,Feijoa
V14-SIO-00777,Acca sellowiana,Goiaba-serrana,Feijoa
V14-SIO-00778,Acca sellowiana,Goiaba-serrana,Feijoa
V14-SIO-00779,Acca sellowiana,Goiaba-serrana,Feijoa
V14-SIO-00780,Acca sellowiana,Goiaba-serrana,Feijoa
V14-SIO-00781,Acca sellowiana,Goiaba-serrana,Feijoa
V14-SIO-00782,Acca sellowiana,Goiaba-serrana,Feijoa
V14-SIO-00783,Prunus avium,Cereja-doce,Sweet cherry
V14-SIO-00784,Cucumis sativus,Pepino,Cucumber
V14-SIO-00785,Macadamia sp.,Macadâmia,Macadamia
V14-SIO-00786,Macadamia integrifolia,Macadâmia,Macadamia
V14-SIO-00787,Macadamia integrifolia,Macadâmia,Macadamia
V14-SIO-00788,Mangifera indica,Manga,Mango
V14-SIO-00789,Mangifera indica,Manga,Mango
V14-SIO-00790,Brassica napus,Canola / colza,Rapeseed
V14-SIO-00791,Brassica napus,Canola / colza,Rapeseed
V14-SIO-00792,Brassica napus,Canola / colza,Rapeseed
V14-SIO-00793,Brassica napus,Canola / colza,Rapeseed
V14-SIO-00794,Trifolium alexandrinum,,
V14-SIO-00795,Trifolium alexandrinum,,
V14-SIO-00796,Helianthus annuus,Girassol,Sunflower
V14-SIO-00797,Diospyros kaki f.,Caqui,Persimmon
V14-SIO-00798,Diospyros kaki f.,Caqui,Persimmon
V14-SIO-00799,Diospyros kaki f.,Caqui,Persimmon
V14-SIO-00800,Punica granatum,Romã,Pomegranate
V14-SIO-00801,Punica granatum,Romã,Pomegranate
V14-SIO-00802,Punica granatum,Romã,Pomegranate
V14-SIO-00803,Brassica napus,Canola / colza,Rapeseed
V14-SIO-00804,Brassica napus,Canola / colza,Rapeseed
V14-SIO-00805,Brassica rapa,Nabo / couve-chinesa,Turnip / Chinese cabbage
V14-SIO-00806,Brassica juncea,Mostarda-castanha,Brown mustard
V14-SIO-00807,Brassica juncea,Mostarda-castanha,Brown mustard
V14-SIO-00808,Brassica rapa,Nabo / couve-chinesa,Turnip / Chinese cabbage
V14-SIO-00809,Vaccinium virgatum,Mirtilo-rabbiteye,Rabbiteye blueberry
V14-SIO-00810,Vaccinium corymbosum,Mirtilo,Highbush blueberry
V14-SIO-00811,Vaccinium virgatum,Mirtilo-rabbiteye,Rabbiteye blueberry
V14-SIO-00812,Vaccinium virgatum,Mirtilo-rabbiteye,Rabbiteye blueberry
V14-SIO-00813,Vaccinium corymbosum,Mirtilo,Highbush blueberry
V14-SIO-00814,Vaccinium virgatum,Mirtilo-rabbiteye,Rabbiteye blueberry
V14-SIO-00815,Coffea canephora,Café robusta / conilon,Robusta coffee
V14-SIO-00816,Coffea arabica,Café arábica,Arabica coffee
V14-SIO-00817,Prunus dulcis,Amêndoa,Almond
V14-SIO-00818,Cucurbita pepo,Abóbora / abobrinha,Pumpkin / zucchini
V14-SIO-00819,Cucurbita pepo,Abóbora / abobrinha,Pumpkin / zucchini
V14-SIO-00820,Prunus dulcis,Amêndoa,Almond
V14-SIO-00821,Prunus dulcis,Amêndoa,Almond
V14-SIO-00822,Prunus dulcis,Amêndoa,Almond
V14-SIO-00823,Cucumis melo,Melão,Melon
V14-SIO-00824,Cucumis melo,Melão,Melon
V14-SIO-00825,Coffea canephora,Café robusta / conilon,Robusta coffee
V14-SIO-00826,Luffa acutangula,Bucha-angular,Ridge gourd
V14-SIO-00827,Luffa acutangula,Bucha-angular,Ridge gourd
V14-SIO-00828,Capsicum chinense,Pimenta,Chili pepper
V14-SIO-00829,Helianthus annuus,Girassol,Sunflower
V14-SIO-00830,Ribes rubrum,Groselha-vermelha,Redcurrant
V14-SIO-00831,Citrus limon,Limão-siciliano,Lemon
V14-SIO-00832,Anacardium occidentale,Caju,Cashew
V14-SIO-00833,Elaeis guineensis,Dendê,Oil palm
V14-SIO-00834,Malus domestica,Maçã,Apple
V14-SIO-00835,Vicia faba,Fava,Fava bean
V14-SIO-00836,Vicia faba,Fava,Fava bean
V14-SIO-00837,Cucurbita moschata,Abóbora,Butternut squash
V14-SIO-00838,Vaccinium corymbosum,Mirtilo,Highbush blueberry
V14-SIO-00839,Vaccinium corymbosum,Mirtilo,Highbush blueberry
V14-SIO-00840,Vaccinium corymbosum,Mirtilo,Highbush blueberry
V14-SIO-00841,Vaccinium corymbosum,Mirtilo,Highbush blueberry
V14-SIO-00842,Vaccinium corymbosum,Mirtilo,Highbush blueberry
V14-SIO-00843,Vaccinium corymbosum,Mirtilo,Highbush blueberry
V14-SIO-00844,Fragaria x ananassa,Morango,Strawberry
V14-SIO-00845,Helianthus annuus,Girassol,Sunflower
V14-SIO-00846,Helianthus annuus,Girassol,Sunflower
V14-SIO-00847,Helianthus annuus,Girassol,Sunflower
V14-SIO-00848,Helianthus annuus,Girassol,Sunflower
V14-SIO-00849,Helianthus annuus,Girassol,Sunflower
V14-SIO-00850,Gossypium hirsutum,Algodão,Cotton
V14-SIO-00851,Prunus armeniaca,Damasco,Apricot
V14-SIO-00852,Prunus armeniaca,Damasco,Apricot
V14-SIO-00853,Prunus armeniaca,Damasco,Apricot
V14-SIO-00854,Cucurbita moschata,Abóbora,Butternut squash
V14-SIO-00855,Annona squamosa,Pinha / fruta-do-conde,Sugar apple
V14-SIO-00856,Bixa orellana,Urucum,Annatto
V14-SIO-00857,Actinidia chinensis var. deliciosa,Kiwi,Kiwifruit
V14-SIO-00858,Phaseolus vulgaris,Feijão-comum,Common bean
V14-SIO-00859,Citrus paradisi,Toranja,Grapefruit
V14-SIO-00860,Citrus paradisi,Toranja,Grapefruit
V14-SIO-00861,Citrus paradisi,Toranja,Grapefruit
V14-SIO-00862,Citrus paradisi,Toranja,Grapefruit
V14-SIO-00863,Citrus paradisi,Toranja,Grapefruit
V14-SIO-00864,Citrus paradisi,Toranja,Grapefruit
V14-SIO-00865,Citrus paradisi,Toranja,Grapefruit
V14-SIO-00866,Citrus paradisi,Toranja,Grapefruit
V14-SIO-00867,Citrus paradisi,Toranja,Grapefruit
V14-SIO-00868,Citrus paradisi,Toranja,Grapefruit
V14-SIO-00869,Citrus paradisi,Toranja,Grapefruit
V14-SIO-00870,Citrus paradisi,Toranja,Grapefruit
V14-SIO-00871,Citrus paradisi,Toranja,Grapefruit
V14-SIO-00872,Rubus idaeus,Framboesa,Raspberry
V14-SIO-00873,Coffea canephora,Café robusta / conilon,Robusta coffee
V14-SIO-00874,Brassica napus,Canola / colza,Rapeseed
V14-SIO-00875,Jatropha curcas,Pinhão-manso,Physic nut
V14-SIO-00876,Jatropha curcas,Pinhão-manso,Physic nut
V14-SIO-00877,Jatropha curcas,Pinhão-manso,Physic nut
V14-SIO-00878,Anacardium occidentale,Caju,Cashew
V14-SIO-00879,Anacardium occidentale,Caju,Cashew
V14-SIO-00880,Coffea arabica,Café arábica,Arabica coffee
V14-SIO-00881,Coffea arabica,Café arábica,Arabica coffee
V14-SIO-00882,Diospyros kaki f.,Caqui,Persimmon
V14-SIO-00883,Passiflora edulis,Maracujá,Passion fruit
V14-SIO-00884,Passiflora edulis,Maracujá,Passion fruit
V14-SIO-00885,Passiflora edulis,Maracujá,Passion fruit
V14-SIO-00886,Passiflora edulis,Maracujá,Passion fruit
V14-SIO-00887,Prunus dulcis,Amêndoa,Almond
V14-SIO-00888,Asimina parviflora,Papaia-da-américa,Smallflower pawpaw
V14-SIO-00889,Asimina parviflora,Papaia-da-américa,Smallflower pawpaw
V14-SIO-00890,Asimina parviflora,Papaia-da-américa,Smallflower pawpaw
V14-SIO-00891,Jatropha curcas,Pinhão-manso,Physic nut
V14-SIO-00892,Jatropha curcas,Pinhão-manso,Physic nut
V14-SIO-00893,Vitellaria paradoxa,Carité,Shea
V14-SIO-00894,Vitellaria paradoxa,Carité,Shea
V14-SIO-00895,Capsicum annuum,Pimentão / pimenta,Bell pepper / chili pepper
V14-SIO-00896,Spondias mombin,Cajá,Yellow mombin
V14-SIO-00897,Malpighia emarginata,Acerola,Acerola
V14-SIO-00898,Momordica charantia,Melão-de-são-caetano,Bitter melon
V14-SIO-00899,Momordica charantia,Melão-de-são-caetano,Bitter melon
V14-SIO-00900,Malus domestica,Maçã,Apple
V14-SIO-00901,Polaskia chichipe,,
V14-SIO-00902,Brassica napus,Canola / colza,Rapeseed
V14-SIO-00903,Solanum melongena,Berinjela,Eggplant
V14-SIO-00904,Solanum melongena,Berinjela,Eggplant
V14-SIO-00905,Solanum melongena,Berinjela,Eggplant
V14-SIO-00906,Solanum melongena,Berinjela,Eggplant
V14-SIO-00907,Physalis peruviana,Fisális,Cape gooseberry
V14-SIO-00908,Abelmoschus esculentus,Quiabo,Okra
V14-SIO-00909,Persea americana,Abacate,Avocado
V14-SIO-00910,Citrullus lanatus,Melancia,Watermelon
V14-SIO-00911,Solanum lycopersicum,Tomate,Tomato
V14-SIO-00912,Annona sp.,Anonáceas (grupo),Annona (group)
V14-SIO-00913,Annona sp.,Anonáceas (grupo),Annona (group)
V14-SIO-00914,Annona sp.,Anonáceas (grupo),Annona (group)
V14-SIO-00915,Annona sp.,Anonáceas (grupo),Annona (group)
V14-SIO-00916,Annona sp.,Anonáceas (grupo),Annona (group)
V14-SIO-00917,Brassica rapa,Nabo / couve-chinesa,Turnip / Chinese cabbage
V14-SIO-00918,Cucurbita pepo,Abóbora / abobrinha,Pumpkin / zucchini
V14-SIO-00919,Cucurbita pepo,Abóbora / abobrinha,Pumpkin / zucchini
V14-SIO-00920,Cucurbita pepo,Abóbora / abobrinha,Pumpkin / zucchini
V14-SIO-00921,Cucurbita pepo,Abóbora / abobrinha,Pumpkin / zucchini
V14-SIO-00922,Cucumis melo,Melão,Melon
V14-SIO-00923,Cucumis melo,Melão,Melon
V14-SIO-00924,Ricinus communis,Mamona,Castor bean
V14-SIO-00925,Jatropha curcas,Pinhão-manso,Physic nut
V14-SIO-00926,Brassica napus,Canola / colza,Rapeseed
V14-SIO-00927,Brassica napus,Canola / colza,Rapeseed
V14-SIO-00928,Brassica napus,Canola / colza,Rapeseed
V14-SIO-00929,Brassica napus,Canola / colza,Rapeseed
V14-SIO-00930,Brassica napus,Canola / colza,Rapeseed
V14-SIO-00931,Brassica napus,Canola / colza,Rapeseed
V14-SIO-00932,Brassica napus,Canola / colza,Rapeseed
V14-SIO-00933,Brassica napus,Canola / colza,Rapeseed
V14-SIO-00934,Brassica napus,Canola / colza,Rapeseed
V14-SIO-00935,Brassica napus,Canola / colza,Rapeseed
V14-SIO-00936,Brassica napus,Canola / colza,Rapeseed
V14-SIO-00937,Brassica napus,Canola / colza,Rapeseed
V14-SIO-00938,Brassica napus,Canola / colza,Rapeseed
V14-SIO-00939,Brassica napus,Canola / colza,Rapeseed
V14-SIO-00940,Brassica napus,Canola / colza,Rapeseed
V14-SIO-00941,Brassica napus,Canola / colza,Rapeseed
V14-SIO-00942,Brassica napus,Canola / colza,Rapeseed
V14-SIO-00943,Brassica napus,Canola / colza,Rapeseed
V14-SIO-00944,Brassica napus,Canola / colza,Rapeseed
V14-SIO-00945,Brassica napus,Canola / colza,Rapeseed
V14-SIO-00946,Brassica napus,Canola / colza,Rapeseed
V14-SIO-00947,Brassica napus,Canola / colza,Rapeseed
V14-SIO-00948,Malus domestica,Maçã,Apple
V14-SIO-00949,Malus domestica,Maçã,Apple
V14-SIO-00950,Malus domestica,Maçã,Apple
V14-SIO-00951,Malus domestica,Maçã,Apple
V14-SIO-00952,Malus domestica,Maçã,Apple
V14-SIO-00953,Malus domestica,Maçã,Apple
V14-SIO-00954,Malus domestica,Maçã,Apple
V14-SIO-00955,Malus domestica,Maçã,Apple
V14-SIO-00956,Malus domestica,Maçã,Apple
V14-SIO-00957,Malus domestica,Maçã,Apple
V14-SIO-00958,Malus domestica,Maçã,Apple
V14-SIO-00959,Malus domestica,Maçã,Apple
V14-SIO-00960,Malus domestica,Maçã,Apple
V14-SIO-00961,Malus domestica,Maçã,Apple
V14-SIO-00962,Malus domestica,Maçã,Apple
V14-SIO-00963,Malus domestica,Maçã,Apple
V14-SIO-00964,Malus domestica,Maçã,Apple
V14-SIO-00965,Malus domestica,Maçã,Apple
V14-SIO-00966,Malus domestica,Maçã,Apple
V14-SIO-00967,Malus domestica,Maçã,Apple
V14-SIO-00968,Malus domestica,Maçã,Apple
V14-SIO-00969,Malus domestica,Maçã,Apple
V14-SIO-00970,Malus domestica,Maçã,Apple
V14-SIO-00971,Malus domestica,Maçã,Apple
V14-SIO-00972,Malus domestica,Maçã,Apple
V14-SIO-00973,Malus domestica,Maçã,Apple
V14-SIO-00974,Malus domestica,Maçã,Apple
V14-SIO-00975,Malus domestica,Maçã,Apple
V14-SIO-00976,Malus domestica,Maçã,Apple
V14-SIO-00977,Malus domestica,Maçã,Apple
V14-SIO-00978,Malus domestica,Maçã,Apple
V14-SIO-00979,Malus domestica,Maçã,Apple
V14-SIO-00980,Malus domestica,Maçã,Apple
V14-SIO-00981,Malus domestica,Maçã,Apple
V14-SIO-00982,Malus domestica,Maçã,Apple
V14-SIO-00983,Malus domestica,Maçã,Apple
V14-SIO-00984,Malus domestica,Maçã,Apple
V14-SIO-00985,Malus domestica,Maçã,Apple
V14-SIO-00986,Malus domestica,Maçã,Apple
V14-SIO-00987,Malus domestica,Maçã,Apple
V14-SIO-00988,Malus domestica,Maçã,Apple
V14-SIO-00989,Malus domestica,Maçã,Apple
V14-SIO-00990,Malus domestica,Maçã,Apple
V14-SIO-00991,Malus domestica,Maçã,Apple
V14-SIO-00992,Malus domestica,Maçã,Apple
V14-SIO-00993,Malus domestica,Maçã,Apple
V14-SIO-00994,Malus domestica,Maçã,Apple
V14-SIO-00995,Malus domestica,Maçã,Apple
V14-SIO-00996,Malus domestica,Maçã,Apple
V14-SIO-00997,Malus domestica,Maçã,Apple
V14-SIO-00998,Malus domestica,Maçã,Apple
V14-SIO-00999,Malus domestica,Maçã,Apple
V14-SIO-01000,Malus domestica,Maçã,Apple
V14-SIO-01001,Malus domestica,Maçã,Apple
V14-SIO-01002,Malus domestica,Maçã,Apple
V14-SIO-01003,Malus domestica,Maçã,Apple
V14-SIO-01004,Malus domestica,Maçã,Apple
V14-SIO-01005,Malus domestica,Maçã,Apple
V14-SIO-01006,Malus domestica,Maçã,Apple
V14-SIO-01007,Malus domestica,Maçã,Apple
V14-SIO-01008,Malus domestica,Maçã,Apple
V14-SIO-01009,Malus domestica,Maçã,Apple
V14-SIO-01010,Malus domestica,Maçã,Apple
V14-SIO-01011,Malus domestica,Maçã,Apple
V14-SIO-01012,Malus domestica,Maçã,Apple
V14-SIO-01013,Malus domestica,Maçã,Apple
V14-SIO-01014,Malus domestica,Maçã,Apple
V14-SIO-01015,Malus domestica,Maçã,Apple
V14-SIO-01016,Malus domestica,Maçã,Apple
V14-SIO-01017,Jatropha curcas,Pinhão-manso,Physic nut
V14-SIO-01018,Macadamia integrifolia,Macadâmia,Macadamia
V14-SIO-01019,Macadamia integrifolia,Macadâmia,Macadamia
V14-SIO-01020,C. clementina hort. × (C. paradisi × C. reticulata Blanco),,
V14-SIO-01021,C. clementina hort. × (C. paradisi × C. reticulata Blanco),,
V14-SIO-01022,Pyrus communis,Pera,Pear
V14-SIO-01023,Pyrus communis,Pera,Pear
V14-SIO-01024,Castanea mollissima,Castanha-chinesa,Chinese chestnut
V14-SIO-01025,Castanea mollissima,Castanha-chinesa,Chinese chestnut
V14-SIO-01026,Castanea mollissima,Castanha-chinesa,Chinese chestnut
V14-SIO-01027,Litchi chinensis,Lichia,Lychee
V14-SIO-01028,Actinidia chinensis var. deliciosa,Kiwi,Kiwifruit
V14-SIO-01029,Actinidia chinensis var. deliciosa,Kiwi,Kiwifruit
V14-SIO-01030,Actinidia chinensis var. deliciosa,Kiwi,Kiwifruit
V14-SIO-01031,Actinidia chinensis var. deliciosa,Kiwi,Kiwifruit
V14-SIO-01032,Capsicum annuum,Pimentão / pimenta,Bell pepper / chili pepper
V14-SIO-01033,Gossypium hirsutum,Algodão,Cotton
V14-SIO-01034,Gossypium hirsutum,Algodão,Cotton
V14-SIO-01035,Passiflora edulis f. flavicarpa,Maracujá,Passion fruit
V14-SIO-01036,Cajanus cajan,Feijão-guandu,Pigeon pea
V14-SIO-01037,Cajanus cajan,Feijão-guandu,Pigeon pea
V14-SIO-01038,Cajanus cajan,Feijão-guandu,Pigeon pea
V14-SIO-01039,Cajanus cajan,Feijão-guandu,Pigeon pea
V14-SIO-01040,Cajanus cajan,Feijão-guandu,Pigeon pea
V14-SIO-01041,Cajanus cajan,Feijão-guandu,Pigeon pea
V14-SIO-01042,Malpighia emarginata,Acerola,Acerola
V14-SIO-01043,Malpighia emarginata,Acerola,Acerola
V14-SIO-01044,Malpighia emarginata,Acerola,Acerola
V14-SIO-01045,Passiflora edulis f. flavicarpa,Maracujá,Passion fruit
V14-SIO-01046,Prunus dulcis,Amêndoa,Almond
V14-SIO-01047,Prunus dulcis,Amêndoa,Almond
V14-SIO-01048,Prunus dulcis,Amêndoa,Almond
V14-SIO-01049,Prunus dulcis,Amêndoa,Almond
V14-SIO-01050,Prunus dulcis,Amêndoa,Almond
V14-SIO-01051,Prunus dulcis,Amêndoa,Almond
V14-SIO-01052,Prunus dulcis,Amêndoa,Almond
V14-SIO-01053,Prunus dulcis,Amêndoa,Almond
V14-SIO-01054,Prunus dulcis,Amêndoa,Almond
V14-SIO-01055,Prunus dulcis,Amêndoa,Almond
V14-SIO-01056,Prunus dulcis,Amêndoa,Almond
V14-SIO-01057,Prunus dulcis,Amêndoa,Almond
V14-SIO-01058,Prunus dulcis,Amêndoa,Almond
V14-SIO-01059,Prunus dulcis,Amêndoa,Almond
V14-SIO-01060,Prunus dulcis,Amêndoa,Almond
V14-SIO-01061,Prunus dulcis,Amêndoa,Almond
V14-SIO-01062,Prunus dulcis,Amêndoa,Almond
V14-SIO-01063,Prunus dulcis,Amêndoa,Almond
V14-SIO-01064,Prunus dulcis,Amêndoa,Almond
V14-SIO-01065,Prunus dulcis,Amêndoa,Almond
V14-SIO-01066,Brassica napus,Canola / colza,Rapeseed
V14-SIO-01067,Brassica napus,Canola / colza,Rapeseed
V14-SIO-01068,Vitellaria paradoxa,Carité,Shea
V14-SIO-01069,Vitellaria paradoxa,Carité,Shea
V14-SIO-01070,Vitellaria paradoxa,Carité,Shea
V14-SIO-01071,Vitellaria paradoxa,Carité,Shea
V14-SIO-01072,Pyrus communis,Pera,Pear
V14-SIO-01073,Pyrus communis,Pera,Pear
V14-SIO-01074,Pyrus communis,Pera,Pear
V14-SIO-01075,Selenicereus spp.,Pitaia,Dragon fruit
V14-SIO-01076,Selenicereus monacanthus,Pitaia,Dragon fruit
V14-SIO-01077,Selenicereus spp.,Pitaia,Dragon fruit
V14-SIO-01078,Selenicereus undatus,Pitaia,Dragon fruit
V14-SIO-01079,Gossypium hirsutum,Algodão,Cotton
V14-SIO-01080,Lonicera caerulea,Madressilva-azul,Honeyberry
V14-SIO-01081,Lonicera caerulea,Madressilva-azul,Honeyberry
V14-SIO-01082,Macadamia sp.,Macadâmia,Macadamia
V14-SIO-01083,Macadamia sp.,Macadâmia,Macadamia
V14-SIO-01084,Macadamia sp.,Macadâmia,Macadamia
V14-SIO-01085,Macadamia sp.,Macadâmia,Macadamia
V14-SIO-01086,Macadamia sp.,Macadâmia,Macadamia
V14-SIO-01087,Macadamia sp.,Macadâmia,Macadamia
V14-SIO-01088,Macadamia sp.,Macadâmia,Macadamia
V14-SIO-01089,Durio zibethinus,Durião,Durian
V14-SIO-01090,Malus domestica,Maçã,Apple
V14-SIO-01091,Malus domestica,Maçã,Apple
V14-SIO-01092,Fragaria x ananassa,Morango,Strawberry
V14-SIO-01093,Malus domestica,Maçã,Apple
V14-SIO-01094,Malus domestica,Maçã,Apple
V14-SIO-01095,Malus domestica,Maçã,Apple
V14-SIO-01096,Malus domestica,Maçã,Apple
V14-SIO-01097,Malus domestica,Maçã,Apple
V14-SIO-01098,Malus domestica,Maçã,Apple
V14-SIO-01099,Malus domestica,Maçã,Apple
V14-SIO-01100,Malus domestica,Maçã,Apple
V14-SIO-01101,Malus domestica,Maçã,Apple
V14-SIO-01102,Malus domestica,Maçã,Apple
V14-SIO-01103,Malus domestica,Maçã,Apple
V14-SIO-01104,Malus domestica,Maçã,Apple
V14-SIO-01105,Diospyros kaki f.,Caqui,Persimmon
V14-SIO-01106,Diospyros kaki f.,Caqui,Persimmon
V14-SIO-01107,Diospyros kaki f.,Caqui,Persimmon
V14-SIO-01108,Malus domestica,Maçã,Apple
V14-SIO-01109,Camellia oleifera,Camélia-oleaginosa,Oil-tea camellia
V14-SIO-01110,Camellia oleifera,Camélia-oleaginosa,Oil-tea camellia
V14-SIO-01111,Camellia oleifera,Camélia-oleaginosa,Oil-tea camellia
V14-SIO-01112,Capsicum annuum,Pimentão / pimenta,Bell pepper / chili pepper
V14-SIO-01113,Capsicum annuum,Pimentão / pimenta,Bell pepper / chili pepper
V14-SIO-01114,Capsicum annuum,Pimentão / pimenta,Bell pepper / chili pepper
V14-SIO-01115,Capsicum annuum,Pimentão / pimenta,Bell pepper / chili pepper
V14-SIO-01116,Capsicum annuum,Pimentão / pimenta,Bell pepper / chili pepper
V14-SIO-01117,Capsicum annuum,Pimentão / pimenta,Bell pepper / chili pepper
V14-SIO-01118,Capsicum annuum,Pimentão / pimenta,Bell pepper / chili pepper
V14-SIO-01119,Capsicum annuum,Pimentão / pimenta,Bell pepper / chili pepper
V14-SIO-01120,Capsicum annuum,Pimentão / pimenta,Bell pepper / chili pepper
V14-SIO-01121,Capsicum annuum,Pimentão / pimenta,Bell pepper / chili pepper
V14-SIO-01122,Capsicum annuum,Pimentão / pimenta,Bell pepper / chili pepper
V14-SIO-01123,Citrullus lanatus,Melancia,Watermelon
V14-SIO-01124,Citrullus lanatus,Melancia,Watermelon
V14-SIO-01125,Capparis spinosa,Alcaparra,Caper
V14-SIO-01126,Actinidia chinensis,Kiwi,Kiwifruit
V14-SIO-01127,Actinidia chinensis,Kiwi,Kiwifruit
V14-SIO-01128,Jatropha curcas,Pinhão-manso,Physic nut
V14-SIO-01129,Nigella sativa,Cominho-negro,Black cumin
V14-SIO-01130,Nigella sativa,Cominho-negro,Black cumin
V14-SIO-01131,Carica papaya,Mamão,Papaya
V14-SIO-01132,Sesamum indicum,Gergelim,Sesame
V14-SIO-01133,Luffa aegyptiaca,Bucha-vegetal,Sponge gourd
V14-SIO-01134,Luffa aegyptiaca,Bucha-vegetal,Sponge gourd
V14-SIO-01135,Luffa aegyptiaca,Bucha-vegetal,Sponge gourd
V14-SIO-01136,Luffa aegyptiaca,Bucha-vegetal,Sponge gourd
V14-SIO-01137,Passiflora edulis,Maracujá,Passion fruit
V14-SIO-01138,Citrus clementina,Clementina,Clementine
V14-SIO-01139,Citrus clementina,Clementina,Clementine
V14-SIO-01140,Prunus avium,Cereja-doce,Sweet cherry
V14-SIO-01141,Helianthus annuus,Girassol,Sunflower
V14-SIO-01142,Cucurbita moschata,Abóbora,Butternut squash
V14-SIO-01143,Vaccinium corymbosum,Mirtilo,Highbush blueberry
V14-SIO-01144,Vaccinium corymbosum,Mirtilo,Highbush blueberry
V14-SIO-01145,Vaccinium corymbosum,Mirtilo,Highbush blueberry
V14-SIO-01146,Vaccinium corymbosum,Mirtilo,Highbush blueberry
V14-SIO-01147,Vaccinium corymbosum,Mirtilo,Highbush blueberry
V14-SIO-01148,Brassica napus,Canola / colza,Rapeseed
V14-SIO-01149,Brassica napus,Canola / colza,Rapeseed
V14-SIO-01150,Brassica napus,Canola / colza,Rapeseed
V14-SIO-01151,Cucurbita pepo,Abóbora / abobrinha,Pumpkin / zucchini
V14-SIO-01152,Passiflora edulis,Maracujá,Passion fruit
V14-SIO-01153,Theobroma cacao,Cacau,Cacao
V14-SIO-01154,Vaccinium macrocarpon,Oxicoco,Cranberry
V14-SIO-01155,Durio zibethinus,Durião,Durian
V14-SIO-01156,Vaccinium corymbosum,Mirtilo,Highbush blueberry
V14-SIO-01157,Vaccinium corymbosum,Mirtilo,Highbush blueberry
V14-SIO-01158,Malus domestica,Maçã,Apple
V14-SIO-01159,Malus domestica,Maçã,Apple
V14-SIO-01160,Malus domestica,Maçã,Apple
V14-SIO-01161,Malus domestica,Maçã,Apple
V14-SIO-01162,Malus domestica,Maçã,Apple
V14-SIO-01163,Malus domestica,Maçã,Apple
V14-SIO-01164,Malus domestica,Maçã,Apple
V14-SIO-01165,Euterpe oleracea,Açaí,Açaí
V14-SIO-01166,Malus domestica,Maçã,Apple
V14-SIO-01167,Vaccinium corymbosum,Mirtilo,Highbush blueberry
V14-SIO-01168,Paeonia ostii,,
V14-SIO-01169,Solanum lycopersicum,Tomate,Tomato
V14-SIO-01170,Solanum lycopersicum,Tomate,Tomato
V14-SIO-01171,Momordica charantia,Melão-de-são-caetano,Bitter melon
V14-SIO-01172,Momordica charantia,Melão-de-são-caetano,Bitter melon
V14-SIO-01173,Momordica charantia,Melão-de-são-caetano,Bitter melon
V14-SIO-01174,Momordica charantia,Melão-de-são-caetano,Bitter melon
V14-SIO-01175,Trichosanthes cucumerina,Abóbora-serpente,Snake gourd
V14-SIO-01176,Trichosanthes cucumerina,Abóbora-serpente,Snake gourd
V14-SIO-01177,Momordica charantia,Melão-de-são-caetano,Bitter melon
V14-SIO-01178,Capsicum annuum,Pimentão / pimenta,Bell pepper / chili pepper
V14-SIO-01179,Trichosanthes cucumerina,Abóbora-serpente,Snake gourd
V14-SIO-01180,Solanum melongena,Berinjela,Eggplant
V14-SIO-01181,Solanum melongena,Berinjela,Eggplant
V14-SIO-01182,Solanum melongena,Berinjela,Eggplant
V14-SIO-01183,Solanum melongena,Berinjela,Eggplant
V14-SIO-01184,Trichosanthes cucumerina,Abóbora-serpente,Snake gourd
V14-SIO-01185,Actinidia chinensis var. deliciosa,Kiwi,Kiwifruit
V14-SIO-01186,Actinidia chinensis,Kiwi,Kiwifruit
V14-SIO-01187,Actinidia chinensis var. deliciosa,Kiwi,Kiwifruit
V14-SIO-01188,Actinidia chinensis var. deliciosa,Kiwi,Kiwifruit
V14-SIO-01189,Actinidia chinensis var. deliciosa,Kiwi,Kiwifruit
V14-SIO-01190,Actinidia chinensis var. deliciosa,Kiwi,Kiwifruit
V14-SIO-01191,Actinidia chinensis var. deliciosa,Kiwi,Kiwifruit
V14-SIO-01192,Actinidia chinensis var. deliciosa,Kiwi,Kiwifruit
V14-SIO-01193,Annona crassiflora,Araticum,Araticum
V14-SIO-01194,Annona crassiflora,Araticum,Araticum
V14-SIO-01195,Bertholletia excelsa,Castanha-do-brasil,Brazil nut
V14-SIO-01196,Citrus paradisi,Toranja,Grapefruit
V14-SIO-01197,Citrus paradisi,Toranja,Grapefruit
V14-SIO-01198,Citrus clementina,Clementina,Clementine
V14-SIO-01199,Citrus clementina,Clementina,Clementine
V14-SIO-01200,Citrus clementina,Clementina,Clementine
V14-SIO-01201,Physalis peruviana,Fisális,Cape gooseberry
V14-SIO-01202,Prunus dulcis,Amêndoa,Almond
V14-SIO-01203,Fragaria x ananassa,Morango,Strawberry
V14-SIO-01204,Actinidia chinensis var. deliciosa,Kiwi,Kiwifruit
V14-SIO-01205,Actinidia chinensis var. deliciosa,Kiwi,Kiwifruit
V14-SIO-01206,Gossypium hirsutum,Algodão,Cotton
V14-SIO-01207,Trichosanthes dioica,Abóbora-pontuda,Pointed gourd
V14-SIO-01208,Trichosanthes dioica,Abóbora-pontuda,Pointed gourd
V14-SIO-01209,Prunus cerasus,Cereja-ácida,Sour cherry
V14-SIO-01210,Prunus cerasus,Cereja-ácida,Sour cherry
V14-SIO-01211,Prunus cerasus,Cereja-ácida,Sour cherry
V14-SIO-01212,Prunus cerasus,Cereja-ácida,Sour cherry
V14-SIO-01213,Prunus cerasus,Cereja-ácida,Sour cherry
V14-SIO-01214,Prunus cerasus,Cereja-ácida,Sour cherry
V14-SIO-01215,Prunus cerasus,Cereja-ácida,Sour cherry
V14-SIO-01216,Prunus cerasus,Cereja-ácida,Sour cherry
V14-SIO-01217,Prunus cerasus,Cereja-ácida,Sour cherry
V14-SIO-01218,Brassica juncea,Mostarda-castanha,Brown mustard
V14-SIO-01219,Brassica juncea,Mostarda-castanha,Brown mustard
V14-SIO-01220,Momordica charantia,Melão-de-são-caetano,Bitter melon
V14-SIO-01221,Cucumis sativus,Pepino,Cucumber
V14-SIO-01222,Phaseolus vulgaris,Feijão-comum,Common bean
V14-SIO-01223,Artocarpus heterophyllus,Jaca,Jackfruit
V14-SIO-01224,Artocarpus heterophyllus,Jaca,Jackfruit
V14-SIO-01225,Pyrus communis,Pera,Pear
V14-SIO-01226,Physalis angulata,Fisális,Groundcherry
V14-SIO-01227,Pyrus communis,Pera,Pear
V14-SIO-01228,Pyrus communis,Pera,Pear
V14-SIO-01229,Eriobotrya japonica,Nêspera,Loquat
V14-SIO-01230,Eriobotrya japonica,Nêspera,Loquat
V14-SIO-01231,Anacardium occidentale,Caju,Cashew
V14-SIO-01232,Malpighia emarginata,Acerola,Acerola
V14-SIO-01233,Vaccinium vitis-idaea,Arando-vermelho,Lingonberry
V14-SIO-01234,Vaccinium myrtillus,Mirtilo-europeu,Bilberry
V14-SIO-01235,Citrullus lanatus,Melancia,Watermelon
V14-SIO-01236,Malus domestica,Maçã,Apple
V14-SIO-01237,Malus domestica,Maçã,Apple
V14-SIO-01238,Malus domestica,Maçã,Apple
V14-SIO-01239,Malus domestica,Maçã,Apple
V14-SIO-01240,Malus domestica,Maçã,Apple
V14-SIO-01241,Malus domestica,Maçã,Apple
V14-SIO-01242,Malus domestica,Maçã,Apple
V14-SIO-01243,Malus domestica,Maçã,Apple
V14-SIO-01244,Malus domestica,Maçã,Apple
V14-SIO-01245,Malus domestica,Maçã,Apple
V14-SIO-01246,Malus domestica,Maçã,Apple
V14-SIO-01247,Malus domestica,Maçã,Apple
V14-SIO-01248,Malus domestica,Maçã,Apple
V14-SIO-01249,Malus domestica,Maçã,Apple
V14-SIO-01250,Malus domestica,Maçã,Apple
V14-SIO-01251,Malus domestica,Maçã,Apple
V14-SIO-01252,Malus domestica,Maçã,Apple
V14-SIO-01253,Malus domestica,Maçã,Apple
V14-SIO-01254,Malus domestica,Maçã,Apple
V14-SIO-01255,Malus domestica,Maçã,Apple
V14-SIO-01256,Malus domestica,Maçã,Apple
V14-SIO-01257,Malus domestica,Maçã,Apple
V14-SIO-01258,Malus domestica,Maçã,Apple
V14-SIO-01259,Malus domestica,Maçã,Apple
V14-SIO-01260,Malus domestica,Maçã,Apple
V14-SIO-01261,Malus domestica,Maçã,Apple
V14-SIO-01262,Malus domestica,Maçã,Apple
V14-SIO-01263,Malus domestica,Maçã,Apple
V14-SIO-01264,Malus domestica,Maçã,Apple
V14-SIO-01265,Malus domestica,Maçã,Apple
V14-SIO-01266,Malus domestica,Maçã,Apple
V14-SIO-01267,Malus domestica,Maçã,Apple
V14-SIO-01268,Malus domestica,Maçã,Apple
V14-SIO-01269,Malus domestica,Maçã,Apple
V14-SIO-01270,Malus domestica,Maçã,Apple
V14-SIO-01271,Malus domestica,Maçã,Apple
V14-SIO-01272,Malus domestica,Maçã,Apple
V14-SIO-01273,Malus domestica,Maçã,Apple
V14-SIO-01274,Malus domestica,Maçã,Apple
V14-SIO-01275,Malus domestica,Maçã,Apple
V14-SIO-01276,Malus domestica,Maçã,Apple
V14-SIO-01277,Malus domestica,Maçã,Apple
V14-SIO-01278,Malus domestica,Maçã,Apple
V14-SIO-01279,Malus domestica,Maçã,Apple
V14-SIO-01280,Malus domestica,Maçã,Apple
V14-SIO-01281,Malus domestica,Maçã,Apple
V14-SIO-01282,Malus domestica,Maçã,Apple
V14-SIO-01283,Malus domestica,Maçã,Apple
V14-SIO-01284,Malus domestica,Maçã,Apple
V14-SIO-01285,Malus domestica,Maçã,Apple
V14-SIO-01286,Malus domestica,Maçã,Apple
V14-SIO-01287,Malus domestica,Maçã,Apple
V14-SIO-01288,Malus domestica,Maçã,Apple
V14-SIO-01289,Malus domestica,Maçã,Apple
V14-SIO-01290,Malus domestica,Maçã,Apple
V14-SIO-01291,Malus domestica,Maçã,Apple
V14-SIO-01292,Malus domestica,Maçã,Apple
V14-SIO-01293,Malus domestica,Maçã,Apple
V14-SIO-01294,Malus domestica,Maçã,Apple
V14-SIO-01295,Malus domestica,Maçã,Apple
V14-SIO-01296,Malus domestica,Maçã,Apple
V14-SIO-01297,Malus domestica,Maçã,Apple
V14-SIO-01298,Malus domestica,Maçã,Apple
V14-SIO-01299,Malus domestica,Maçã,Apple
V14-SIO-01300,Malus domestica,Maçã,Apple
V14-SIO-01301,Malus domestica,Maçã,Apple
V14-SIO-01302,Malus domestica,Maçã,Apple
V14-SIO-01303,Malus domestica,Maçã,Apple
V14-SIO-01304,Malus domestica,Maçã,Apple
V14-SIO-01305,Malus domestica,Maçã,Apple
V14-SIO-01306,Malus domestica,Maçã,Apple
V14-SIO-01307,Malus domestica,Maçã,Apple
V14-SIO-01308,Malus domestica,Maçã,Apple
V14-SIO-01309,Malus domestica,Maçã,Apple
V14-SIO-01310,Malus domestica,Maçã,Apple
V14-SIO-01311,Malus domestica,Maçã,Apple
V14-SIO-01312,Malus domestica,Maçã,Apple
V14-SIO-01313,Malus domestica,Maçã,Apple
V14-SIO-01314,Malus domestica,Maçã,Apple
V14-SIO-01315,Malus domestica,Maçã,Apple
V14-SIO-01316,Malus domestica,Maçã,Apple
V14-SIO-01317,Malus domestica,Maçã,Apple
V14-SIO-01318,Malus domestica,Maçã,Apple
V14-SIO-01319,Malus domestica,Maçã,Apple
V14-SIO-01320,Malus domestica,Maçã,Apple
V14-SIO-01321,Malus domestica,Maçã,Apple
V14-SIO-01322,Malus domestica,Maçã,Apple
V14-SIO-01323,Malus domestica,Maçã,Apple
V14-SIO-01324,Malus domestica,Maçã,Apple
V14-SIO-01325,Malus domestica,Maçã,Apple
V14-SIO-01326,Malus domestica,Maçã,Apple
V14-SIO-01327,Diospyros kaki f.,Caqui,Persimmon
V14-SIO-01328,Diospyros kaki f.,Caqui,Persimmon
V14-SIO-01329,Vaccinium corymbosum,Mirtilo,Highbush blueberry
V14-SIO-01330,Vaccinium corymbosum,Mirtilo,Highbush blueberry
V14-SIO-01331,Macadamia integrifolia,Macadâmia,Macadamia
V14-SIO-01332,Malus domestica,Maçã,Apple
V14-SIO-01333,Malus domestica,Maçã,Apple
V14-SIO-01334,Vaccinium corymbosum,Mirtilo,Highbush blueberry
V14-SIO-01335,Vaccinium corymbosum,Mirtilo,Highbush blueberry
V14-SIO-01336,Prunus avium,Cereja-doce,Sweet cherry
V14-SIO-01337,Passiflora ligularis,Granadilha,Sweet granadilla
V14-SIO-01338,Psidium guajava,Goiaba,Guava
V14-SIO-01339,Acca sellowiana,Goiaba-serrana,Feijoa
V14-SIO-01340,Acca sellowiana,Goiaba-serrana,Feijoa
V14-SIO-01341,Acca sellowiana,Goiaba-serrana,Feijoa
V14-SIO-01342,Acca sellowiana,Goiaba-serrana,Feijoa
V14-SIO-01343,Acca sellowiana,Goiaba-serrana,Feijoa
V14-SIO-01344,Acca sellowiana,Goiaba-serrana,Feijoa
V14-SIO-01345,Acca sellowiana,Goiaba-serrana,Feijoa
V14-SIO-01346,Prunus avium,Cereja-doce,Sweet cherry
V14-SIO-01347,Cucumis sativus,Pepino,Cucumber
V14-SIO-01348,Macadamia sp.,Macadâmia,Macadamia
V14-SIO-01349,Macadamia integrifolia,Macadâmia,Macadamia
V14-SIO-01350,Macadamia integrifolia,Macadâmia,Macadamia
V14-SIO-01351,Mangifera indica,Manga,Mango
V14-SIO-01352,Mangifera indica,Manga,Mango
V14-SIO-01353,Brassica napus,Canola / colza,Rapeseed
V14-SIO-01354,Brassica napus,Canola / colza,Rapeseed
V14-SIO-01355,Brassica napus,Canola / colza,Rapeseed
V14-SIO-01356,Brassica napus,Canola / colza,Rapeseed
V14-SIO-01357,Trifolium alexandrinum,,
V14-SIO-01358,Trifolium alexandrinum,,
V14-SIO-01359,Helianthus annuus,Girassol,Sunflower
V14-SIO-01360,Diospyros kaki f.,Caqui,Persimmon
V14-SIO-01361,Diospyros kaki f.,Caqui,Persimmon
V14-SIO-01362,Diospyros kaki f.,Caqui,Persimmon
V14-SIO-01363,Punica granatum,Romã,Pomegranate
V14-SIO-01364,Punica granatum,Romã,Pomegranate
V14-SIO-01365,Punica granatum,Romã,Pomegranate
V14-SIO-01366,Brassica napus,Canola / colza,Rapeseed
V14-SIO-01367,Brassica napus,Canola / colza,Rapeseed
V14-SIO-01368,Brassica rapa,Nabo / couve-chinesa,Turnip / Chinese cabbage
V14-SIO-01369,Brassica juncea,Mostarda-castanha,Brown mustard
V14-SIO-01370,Brassica juncea,Mostarda-castanha,Brown mustard
V14-SIO-01371,Brassica rapa,Nabo / couve-chinesa,Turnip / Chinese cabbage
V14-SIO-01372,Vaccinium virgatum,Mirtilo-rabbiteye,Rabbiteye blueberry
V14-SIO-01373,Vaccinium corymbosum,Mirtilo,Highbush blueberry
V14-SIO-01374,Vaccinium virgatum,Mirtilo-rabbiteye,Rabbiteye blueberry
V14-SIO-01375,Vaccinium virgatum,Mirtilo-rabbiteye,Rabbiteye blueberry
V14-SIO-01376,Vaccinium corymbosum,Mirtilo,Highbush blueberry
V14-SIO-01377,Vaccinium virgatum,Mirtilo-rabbiteye,Rabbiteye blueberry
V14-SIO-01378,Coffea canephora,Café robusta / conilon,Robusta coffee
V14-SIO-01379,Coffea arabica,Café arábica,Arabica coffee
V14-SIO-01380,Prunus dulcis,Amêndoa,Almond
V14-SIO-01381,Cucurbita pepo,Abóbora / abobrinha,Pumpkin / zucchini
V14-SIO-01382,Cucurbita pepo,Abóbora / abobrinha,Pumpkin / zucchini
V14-SIO-01383,Prunus dulcis,Amêndoa,Almond
V14-SIO-01384,Prunus dulcis,Amêndoa,Almond
V14-SIO-01385,Prunus dulcis,Amêndoa,Almond
V14-SIO-01386,Cucumis melo,Melão,Melon
V14-SIO-01387,Cucumis melo,Melão,Melon
V14-SIO-01388,Coffea canephora,Café robusta / conilon,Robusta coffee
V14-SIO-01389,Luffa acutangula,Bucha-angular,Ridge gourd
V14-SIO-01390,Luffa acutangula,Bucha-angular,Ridge gourd
V14-SIO-01391,Capsicum chinense,Pimenta,Chili pepper
V14-SIO-01392,Helianthus annuus,Girassol,Sunflower
V14-SIO-01393,Ribes rubrum,Groselha-vermelha,Redcurrant
V14-SIO-01394,Citrus limon,Limão-siciliano,Lemon
V14-SIO-01395,Anacardium occidentale,Caju,Cashew
V14-SIO-01396,Elaeis guineensis,Dendê,Oil palm
V14-SIO-01397,Malus domestica,Maçã,Apple
V14-SIO-01398,Vicia faba,Fava,Fava bean
V14-SIO-01399,Vicia faba,Fava,Fava bean
V14-SIO-01400,Cucurbita moschata,Abóbora,Butternut squash
V14-SIO-01401,Vaccinium corymbosum,Mirtilo,Highbush blueberry
V14-SIO-01402,Vaccinium corymbosum,Mirtilo,Highbush blueberry
V14-SIO-01403,Vaccinium corymbosum,Mirtilo,Highbush blueberry
V14-SIO-01404,Vaccinium corymbosum,Mirtilo,Highbush blueberry
V14-SIO-01405,Vaccinium corymbosum,Mirtilo,Highbush blueberry
V14-SIO-01406,Vaccinium corymbosum,Mirtilo,Highbush blueberry
V14-SIO-01407,Fragaria x ananassa,Morango,Strawberry
V14-SIO-01408,Helianthus annuus,Girassol,Sunflower
V14-SIO-01409,Helianthus annuus,Girassol,Sunflower
V14-SIO-01410,Helianthus annuus,Girassol,Sunflower
V14-SIO-01411,Helianthus annuus,Girassol,Sunflower
V14-SIO-01412,Helianthus annuus,Girassol,Sunflower
V14-SIO-01413,Gossypium hirsutum,Algodão,Cotton
V14-SIO-01414,Prunus armeniaca,Damasco,Apricot
V14-SIO-01415,Prunus armeniaca,Damasco,Apricot
V14-SIO-01416,Prunus armeniaca,Damasco,Apricot
V14-SIO-01417,Cucurbita moschata,Abóbora,Butternut squash
V14-SIO-01418,Annona squamosa,Pinha / fruta-do-conde,Sugar apple
V14-SIO-01419,Bixa orellana,Urucum,Annatto
V14-SIO-01420,Actinidia chinensis var. deliciosa,Kiwi,Kiwifruit
V14-SIO-01421,Phaseolus vulgaris,Feijão-comum,Common bean
V14-SIO-01422,Citrus paradisi,Toranja,Grapefruit
V14-SIO-01423,Citrus paradisi,Toranja,Grapefruit
V14-SIO-01424,Citrus paradisi,Toranja,Grapefruit
V14-SIO-01425,Citrus paradisi,Toranja,Grapefruit
V14-SIO-01426,Citrus paradisi,Toranja,Grapefruit
V14-SIO-01427,Citrus paradisi,Toranja,Grapefruit
V14-SIO-01428,Citrus paradisi,Toranja,Grapefruit
V14-SIO-01429,Citrus paradisi,Toranja,Grapefruit
V14-SIO-01430,Citrus paradisi,Toranja,Grapefruit
V14-SIO-01431,Citrus paradisi,Toranja,Grapefruit
V14-SIO-01432,Citrus paradisi,Toranja,Grapefruit
V14-SIO-01433,Citrus paradisi,Toranja,Grapefruit
V14-SIO-01434,Citrus paradisi,Toranja,Grapefruit
V14-SIO-01435,Rubus idaeus,Framboesa,Raspberry
V14-SIO-01436,Coffea canephora,Café robusta / conilon,Robusta coffee
V14-SIO-01437,Brassica napus,Canola / colza,Rapeseed
V14-SIO-01438,Jatropha curcas,Pinhão-manso,Physic nut
V14-SIO-01439,Jatropha curcas,Pinhão-manso,Physic nut
V14-SIO-01440,Jatropha curcas,Pinhão-manso,Physic nut
V14-SIO-01441,Anacardium occidentale,Caju,Cashew
V14-SIO-01442,Anacardium occidentale,Caju,Cashew
V14-SIO-01443,Coffea arabica,Café arábica,Arabica coffee
V14-SIO-01444,Coffea arabica,Café arábica,Arabica coffee
V14-SIO-01445,Diospyros kaki f.,Caqui,Persimmon
V14-SIO-01446,Passiflora edulis,Maracujá,Passion fruit
V14-SIO-01447,Passiflora edulis,Maracujá,Passion fruit
V14-SIO-01448,Passiflora edulis,Maracujá,Passion fruit
V14-SIO-01449,Passiflora edulis,Maracujá,Passion fruit
V14-SIO-01450,Prunus dulcis,Amêndoa,Almond
V14-SIO-01451,Asimina parviflora,Papaia-da-américa,Smallflower pawpaw
V14-SIO-01452,Asimina parviflora,Papaia-da-américa,Smallflower pawpaw
V14-SIO-01453,Asimina parviflora,Papaia-da-américa,Smallflower pawpaw
V14-SIO-01454,Jatropha curcas,Pinhão-manso,Physic nut
V14-SIO-01455,Jatropha curcas,Pinhão-manso,Physic nut
V14-SIO-01456,Vitellaria paradoxa,Carité,Shea
V14-SIO-01457,Vitellaria paradoxa,Carité,Shea
V14-SIO-01458,Capsicum annuum,Pimentão / pimenta,Bell pepper / chili pepper
V14-SIO-01459,Spondias mombin,Cajá,Yellow mombin
V14-SIO-01460,Malpighia emarginata,Acerola,Acerola
V14-SIO-01461,Momordica charantia,Melão-de-são-caetano,Bitter melon
V14-SIO-01462,Momordica charantia,Melão-de-são-caetano,Bitter melon
V14-SIO-01463,Malus domestica,Maçã,Apple
V14-SIO-01464,Polaskia chichipe,,
V14-SIO-01465,Brassica napus,Canola / colza,Rapeseed
V14-SIO-01466,Solanum melongena,Berinjela,Eggplant
V14-SIO-01467,Solanum melongena,Berinjela,Eggplant
V14-SIO-01468,Solanum melongena,Berinjela,Eggplant
V14-SIO-01469,Solanum melongena,Berinjela,Eggplant
V14-SIO-01470,Physalis peruviana,Fisális,Cape gooseberry
V14-SIO-01471,Abelmoschus esculentus,Quiabo,Okra
V14-SIO-01472,Persea americana,Abacate,Avocado
V14-SIO-01473,Citrullus lanatus,Melancia,Watermelon
V14-SIO-01474,Solanum lycopersicum,Tomate,Tomato
V14-SIO-01475,Annona sp.,Anonáceas (grupo),Annona (group)
V14-SIO-01476,Annona sp.,Anonáceas (grupo),Annona (group)
V14-SIO-01477,Annona sp.,Anonáceas (grupo),Annona (group)
V14-SIO-01478,Annona sp.,Anonáceas (grupo),Annona (group)
V14-SIO-01479,Annona sp.,Anonáceas (grupo),Annona (group)
V14-SIO-01480,Brassica rapa,Nabo / couve-chinesa,Turnip / Chinese cabbage
V14-SIO-01481,Cucurbita pepo,Abóbora / abobrinha,Pumpkin / zucchini
V14-SIO-01482,Cucurbita pepo,Abóbora / abobrinha,Pumpkin / zucchini
V14-SIO-01483,Cucurbita pepo,Abóbora / abobrinha,Pumpkin / zucchini
V14-SIO-01484,Cucurbita pepo,Abóbora / abobrinha,Pumpkin / zucchini
V14-SIO-01485,Cucumis melo,Melão,Melon
V14-SIO-01486,Cucumis melo,Melão,Melon
V14-SIO-01487,Ricinus communis,Mamona,Castor bean
V14-SIO-01488,Jatropha curcas,Pinhão-manso,Physic nut
V14-SIO-01489,Brassica napus,Canola / colza,Rapeseed
V14-SIO-01490,Brassica napus,Canola / colza,Rapeseed
V14-SIO-01491,Brassica napus,Canola / colza,Rapeseed
V14-SIO-01492,Brassica napus,Canola / colza,Rapeseed
V14-SIO-01493,Brassica napus,Canola / colza,Rapeseed
V14-SIO-01494,Brassica napus,Canola / colza,Rapeseed
V14-SIO-01495,Brassica napus,Canola / colza,Rapeseed
V14-SIO-01496,Brassica napus,Canola / colza,Rapeseed
V14-SIO-01497,Brassica napus,Canola / colza,Rapeseed
V14-SIO-01498,Brassica napus,Canola / colza,Rapeseed
V14-SIO-01499,Brassica napus,Canola / colza,Rapeseed
V14-SIO-01500,Brassica napus,Canola / colza,Rapeseed
V14-SIO-01501,Brassica napus,Canola / colza,Rapeseed
V14-SIO-01502,Brassica napus,Canola / colza,Rapeseed
V14-SIO-01503,Brassica napus,Canola / colza,Rapeseed
V14-SIO-01504,Brassica napus,Canola / colza,Rapeseed
V14-SIO-01505,Brassica napus,Canola / colza,Rapeseed
V14-SIO-01506,Brassica napus,Canola / colza,Rapeseed
V14-SIO-01507,Brassica napus,Canola / colza,Rapeseed
V14-SIO-01508,Brassica napus,Canola / colza,Rapeseed
V14-SIO-01509,Brassica napus,Canola / colza,Rapeseed
V14-SIO-01510,Brassica napus,Canola / colza,Rapeseed
V14-SIO-01511,Malus domestica,Maçã,Apple
V14-SIO-01512,Malus domestica,Maçã,Apple
V14-SIO-01513,Malus domestica,Maçã,Apple
V14-SIO-01514,Malus domestica,Maçã,Apple
V14-SIO-01515,Malus domestica,Maçã,Apple
V14-SIO-01516,Malus domestica,Maçã,Apple
V14-SIO-01517,Malus domestica,Maçã,Apple
V14-SIO-01518,Malus domestica,Maçã,Apple
V14-SIO-01519,Malus domestica,Maçã,Apple
V14-SIO-01520,Malus domestica,Maçã,Apple
V14-SIO-01521,Malus domestica,Maçã,Apple
V14-SIO-01522,Malus domestica,Maçã,Apple
V14-SIO-01523,Malus domestica,Maçã,Apple
V14-SIO-01524,Malus domestica,Maçã,Apple
V14-SIO-01525,Malus domestica,Maçã,Apple
V14-SIO-01526,Malus domestica,Maçã,Apple
V14-SIO-01527,Malus domestica,Maçã,Apple
V14-SIO-01528,Malus domestica,Maçã,Apple
V14-SIO-01529,Malus domestica,Maçã,Apple
V14-SIO-01530,Malus domestica,Maçã,Apple
V14-SIO-01531,Malus domestica,Maçã,Apple
V14-SIO-01532,Malus domestica,Maçã,Apple
V14-SIO-01533,Malus domestica,Maçã,Apple
V14-SIO-01534,Malus domestica,Maçã,Apple
V14-SIO-01535,Malus domestica,Maçã,Apple
V14-SIO-01536,Malus domestica,Maçã,Apple
V14-SIO-01537,Malus domestica,Maçã,Apple
V14-SIO-01538,Malus domestica,Maçã,Apple
V14-SIO-01539,Malus domestica,Maçã,Apple
V14-SIO-01540,Malus domestica,Maçã,Apple
V14-SIO-01541,Malus domestica,Maçã,Apple
V14-SIO-01542,Malus domestica,Maçã,Apple
V14-SIO-01543,Malus domestica,Maçã,Apple
V14-SIO-01544,Malus domestica,Maçã,Apple
V14-SIO-01545,Malus domestica,Maçã,Apple
V14-SIO-01546,Malus domestica,Maçã,Apple
V14-SIO-01547,Malus domestica,Maçã,Apple
V14-SIO-01548,Malus domestica,Maçã,Apple
V14-SIO-01549,Malus domestica,Maçã,Apple
V14-SIO-01550,Malus domestica,Maçã,Apple
V14-SIO-01551,Malus domestica,Maçã,Apple
V14-SIO-01552,Malus domestica,Maçã,Apple
V14-SIO-01553,Malus domestica,Maçã,Apple
V14-SIO-01554,Malus domestica,Maçã,Apple
V14-SIO-01555,Malus domestica,Maçã,Apple
V14-SIO-01556,Malus domestica,Maçã,Apple
V14-SIO-01557,Malus domestica,Maçã,Apple
V14-SIO-01558,Malus domestica,Maçã,Apple
V14-SIO-01559,Malus domestica,Maçã,Apple
V14-SIO-01560,Malus domestica,Maçã,Apple
V14-SIO-01561,Malus domestica,Maçã,Apple
V14-SIO-01562,Malus domestica,Maçã,Apple
V14-SIO-01563,Malus domestica,Maçã,Apple
V14-SIO-01564,Malus domestica,Maçã,Apple
V14-SIO-01565,Malus domestica,Maçã,Apple
V14-SIO-01566,Malus domestica,Maçã,Apple
V14-SIO-01567,Malus domestica,Maçã,Apple
V14-SIO-01568,Malus domestica,Maçã,Apple
V14-SIO-01569,Malus domestica,Maçã,Apple
V14-SIO-01570,Malus domestica,Maçã,Apple
V14-SIO-01571,Malus domestica,Maçã,Apple
V14-SIO-01572,Malus domestica,Maçã,Apple
V14-SIO-01573,Malus domestica,Maçã,Apple
V14-SIO-01574,Malus domestica,Maçã,Apple
V14-SIO-01575,Malus domestica,Maçã,Apple
V14-SIO-01576,Malus domestica,Maçã,Apple
V14-SIO-01577,Malus domestica,Maçã,Apple
V14-SIO-01578,Malus domestica,Maçã,Apple
V14-SIO-01579,Malus domestica,Maçã,Apple
V14-SIO-01580,Jatropha curcas,Pinhão-manso,Physic nut
V14-SIO-01581,Macadamia integrifolia,Macadâmia,Macadamia
V14-SIO-01582,Macadamia integrifolia,Macadâmia,Macadamia
V14-SIO-01583,C. clementina hort. × (C. paradisi × C. reticulata Blanco),,
V14-SIO-01584,C. clementina hort. × (C. paradisi × C. reticulata Blanco),,
V14-SIO-01585,Pyrus communis,Pera,Pear
V14-SIO-01586,Pyrus communis,Pera,Pear
V14-SIO-01587,Castanea mollissima,Castanha-chinesa,Chinese chestnut
V14-SIO-01588,Castanea mollissima,Castanha-chinesa,Chinese chestnut
V14-SIO-01589,Castanea mollissima,Castanha-chinesa,Chinese chestnut
V14-SIO-01590,Litchi chinensis,Lichia,Lychee
V14-SIO-01591,Actinidia chinensis var. deliciosa,Kiwi,Kiwifruit
V14-SIO-01592,Actinidia chinensis var. deliciosa,Kiwi,Kiwifruit
V14-SIO-01593,Actinidia chinensis var. deliciosa,Kiwi,Kiwifruit
V14-SIO-01594,Actinidia chinensis var. deliciosa,Kiwi,Kiwifruit
V14-SIO-01595,Capsicum annuum,Pimentão / pimenta,Bell pepper / chili pepper
V14-SIO-01596,Gossypium hirsutum,Algodão,Cotton
V14-SIO-01597,Gossypium hirsutum,Algodão,Cotton
V14-SIO-01598,Passiflora edulis f. flavicarpa,Maracujá,Passion fruit
V14-SIO-01599,Cajanus cajan,Feijão-guandu,Pigeon pea
V14-SIO-01600,Cajanus cajan,Feijão-guandu,Pigeon pea
V14-SIO-01601,Cajanus cajan,Feijão-guandu,Pigeon pea
V14-SIO-01602,Cajanus cajan,Feijão-guandu,Pigeon pea
V14-SIO-01603,Cajanus cajan,Feijão-guandu,Pigeon pea
V14-SIO-01604,Cajanus cajan,Feijão-guandu,Pigeon pea
V14-SIO-01605,Malpighia emarginata,Acerola,Acerola
V14-SIO-01606,Malpighia emarginata,Acerola,Acerola
V14-SIO-01607,Malpighia emarginata,Acerola,Acerola
V14-SIO-01608,Passiflora edulis f. flavicarpa,Maracujá,Passion fruit
V14-SIO-01609,Prunus dulcis,Amêndoa,Almond
V14-SIO-01610,Prunus dulcis,Amêndoa,Almond
V14-SIO-01611,Prunus dulcis,Amêndoa,Almond
V14-SIO-01612,Prunus dulcis,Amêndoa,Almond
V14-SIO-01613,Prunus dulcis,Amêndoa,Almond
V14-SIO-01614,Prunus dulcis,Amêndoa,Almond
V14-SIO-01615,Prunus dulcis,Amêndoa,Almond
V14-SIO-01616,Prunus dulcis,Amêndoa,Almond
V14-SIO-01617,Prunus dulcis,Amêndoa,Almond
V14-SIO-01618,Prunus dulcis,Amêndoa,Almond
V14-SIO-01619,Prunus dulcis,Amêndoa,Almond
V14-SIO-01620,Prunus dulcis,Amêndoa,Almond
V14-SIO-01621,Prunus dulcis,Amêndoa,Almond
V14-SIO-01622,Prunus dulcis,Amêndoa,Almond
V14-SIO-01623,Prunus dulcis,Amêndoa,Almond
V14-SIO-01624,Prunus dulcis,Amêndoa,Almond
V14-SIO-01625,Prunus dulcis,Amêndoa,Almond
V14-SIO-01626,Prunus dulcis,Amêndoa,Almond
V14-SIO-01627,Prunus dulcis,Amêndoa,Almond
V14-SIO-01628,Prunus dulcis,Amêndoa,Almond
V14-SIO-01629,Brassica napus,Canola / colza,Rapeseed
V14-SIO-01630,Brassica napus,Canola / colza,Rapeseed
V14-SIO-01631,Vitellaria paradoxa,Carité,Shea
V14-SIO-01632,Vitellaria paradoxa,Carité,Shea
V14-SIO-01633,Vitellaria paradoxa,Carité,Shea
V14-SIO-01634,Vitellaria paradoxa,Carité,Shea
V14-SIO-01635,Pyrus communis,Pera,Pear
V14-SIO-01636,Pyrus communis,Pera,Pear
V14-SIO-01637,Pyrus communis,Pera,Pear
V14-SIO-01638,Selenicereus spp.,Pitaia,Dragon fruit
V14-SIO-01639,Selenicereus monacanthus,Pitaia,Dragon fruit
V14-SIO-01640,Selenicereus spp.,Pitaia,Dragon fruit
V14-SIO-01641,Selenicereus undatus,Pitaia,Dragon fruit
V14-SIO-01642,Gossypium hirsutum,Algodão,Cotton
V14-SIO-01643,Lonicera caerulea,Madressilva-azul,Honeyberry
V14-SIO-01644,Lonicera caerulea,Madressilva-azul,Honeyberry
V14-SIO-01645,Macadamia sp.,Macadâmia,Macadamia
V14-SIO-01646,Macadamia sp.,Macadâmia,Macadamia
V14-SIO-01647,Macadamia sp.,Macadâmia,Macadamia
V14-SIO-01648,Macadamia sp.,Macadâmia,Macadamia
V14-SIO-01649,Macadamia sp.,Macadâmia,Macadamia
V14-SIO-01650,Macadamia sp.,Macadâmia,Macadamia
V14-SIO-01651,Macadamia sp.,Macadâmia,Macadamia
V14-SIO-01652,Durio zibethinus,Durião,Durian
V14-SIO-01653,Malus domestica,Maçã,Apple
V14-SIO-01654,Malus domestica,Maçã,Apple
V14-SIO-01655,Fragaria x ananassa,Morango,Strawberry
V14-SIO-01656,Malus domestica,Maçã,Apple
V14-SIO-01657,Malus domestica,Maçã,Apple
V14-SIO-01658,Malus domestica,Maçã,Apple
V14-SIO-01659,Malus domestica,Maçã,Apple
V14-SIO-01660,Malus domestica,Maçã,Apple
V14-SIO-01661,Malus domestica,Maçã,Apple
V14-SIO-01662,Malus domestica,Maçã,Apple
V14-SIO-01663,Malus domestica,Maçã,Apple
V14-SIO-01664,Malus domestica,Maçã,Apple
V14-SIO-01665,Malus domestica,Maçã,Apple
V14-SIO-01666,Malus domestica,Maçã,Apple
V14-SIO-01667,Malus domestica,Maçã,Apple
V14-SIO-01668,Diospyros kaki f.,Caqui,Persimmon
V14-SIO-01669,Diospyros kaki f.,Caqui,Persimmon
V14-SIO-01670,Diospyros kaki f.,Caqui,Persimmon
V14-SIO-01671,Malus domestica,Maçã,Apple
V14-SIO-01672,Camellia oleifera,Camélia-oleaginosa,Oil-tea camellia
V14-SIO-01673,Camellia oleifera,Camélia-oleaginosa,Oil-tea camellia
V14-SIO-01674,Camellia oleifera,Camélia-oleaginosa,Oil-tea camellia
V14-SIO-01675,Capsicum annuum,Pimentão / pimenta,Bell pepper / chili pepper
V14-SIO-01676,Capsicum annuum,Pimentão / pimenta,Bell pepper / chili pepper
V14-SIO-01677,Capsicum annuum,Pimentão / pimenta,Bell pepper / chili pepper
V14-SIO-01678,Capsicum annuum,Pimentão / pimenta,Bell pepper / chili pepper
V14-SIO-01679,Capsicum annuum,Pimentão / pimenta,Bell pepper / chili pepper
V14-SIO-01680,Capsicum annuum,Pimentão / pimenta,Bell pepper / chili pepper
V14-SIO-01681,Capsicum annuum,Pimentão / pimenta,Bell pepper / chili pepper
V14-SIO-01682,Capsicum annuum,Pimentão / pimenta,Bell pepper / chili pepper
V14-SIO-01683,Capsicum annuum,Pimentão / pimenta,Bell pepper / chili pepper
V14-SIO-01684,Capsicum annuum,Pimentão / pimenta,Bell pepper / chili pepper
V14-SIO-01685,Capsicum annuum,Pimentão / pimenta,Bell pepper / chili pepper
V14-SIO-01686,Citrullus lanatus,Melancia,Watermelon
V14-SIO-01687,Citrullus lanatus,Melancia,Watermelon
V14-SIO-01688,Capparis spinosa,Alcaparra,Caper
V14-SIO-01689,Abelmoschus esculentus,Quiabo,Okra
V14-SIO-01690,Abelmoschus esculentus,Quiabo,Okra
V14-SIO-01691,Actinidia chinensis,Kiwi,Kiwifruit
V14-SIO-01692,Actinidia chinensis,Kiwi,Kiwifruit
V14-SIO-01693,Nephelium lappaceum,Rambutã,Rambutan
V14-SIO-01694,Nephelium lappaceum,Rambutã,Rambutan
V14-SIO-01695,Nephelium lappaceum,Rambutã,Rambutan
V14-SIO-01696,Nephelium lappaceum,Rambutã,Rambutan
V14-SIO-01697,Foeniculum vulgare,,
V14-SIO-01698,Foeniculum vulgare,,
V14-SIO-01699,Cucumis sativus,Pepino,Cucumber
V14-SIO-01700,Citrus sinensis,Laranja-doce,Sweet orange
V14-SIO-01701,Citrus sinensis,Laranja-doce,Sweet orange
V14-SIO-01702,Citrus sinensis,Laranja-doce,Sweet orange
V14-SIO-01703,Citrus sinensis,Laranja-doce,Sweet orange
V14-SIO-01704,Citrus sinensis,Laranja-doce,Sweet orange
V14-SIO-01705,Citrus sinensis,Laranja-doce,Sweet orange
V14-SIO-01706,Citrus sinensis,Laranja-doce,Sweet orange
V14-SIO-01707,Citrus sinensis,Laranja-doce,Sweet orange
V14-SIO-01708,Citrus sinensis,Laranja-doce,Sweet orange
V14-SIO-01709,Citrus sinensis,Laranja-doce,Sweet orange
V14-SIO-01710,Citrus sinensis,Laranja-doce,Sweet orange
V14-SIO-01711,Citrus sinensis,Laranja-doce,Sweet orange
V14-SIO-01712,Anonna cherimoya,,
V14-SIO-01713,Pimpinella anisum,Erva-doce / anis,Anise
V14-SIO-01714,Brassica rapa,Nabo / couve-chinesa,Turnip / Chinese cabbage
V14-SIO-01715,Averrhoa carambola,,
V14-SIO-01716,Pimpinella anisum,Erva-doce / anis,Anise
V14-SIO-01717,Pimpinella anisum,Erva-doce / anis,Anise
V14-SIO-01718,Pimpinella anisum,Erva-doce / anis,Anise
V14-SIO-01719,Pimpinella anisum,Erva-doce / anis,Anise
V14-SIO-01720,Pimpinella anisum,Erva-doce / anis,Anise
V14-SIO-01721,Phaseolus coccineus,Feijão-escarlate,Runner bean
V14-SIO-01722,Phaseolus coccineus,Feijão-escarlate,Runner bean
V14-SIO-01723,Phaseolus coccineus,Feijão-escarlate,Runner bean
V14-SIO-01724,Phaseolus coccineus,Feijão-escarlate,Runner bean
V14-SIO-01725,Phaseolus coccineus,Feijão-escarlate,Runner bean
V14-SIO-01726,Phaseolus coccineus,Feijão-escarlate,Runner bean
V14-SIO-01727,Phaseolus coccineus,Feijão-escarlate,Runner bean
V14-SIO-01728,Phaseolus coccineus,Feijão-escarlate,Runner bean
V14-SIO-01729,Phaseolus coccineus,Feijão-escarlate,Runner bean
V14-SIO-01730,Rubus fruticosus,,
V14-SIO-01731,Rubus fruticosus,,
V14-SIO-01732,Carum carvi,,
V14-SIO-01733,Carum carvi,,
V14-SIO-01734,Elettaria cardamomum,Cardamomo,Cardamom
V14-SIO-01735,Elettaria cardamomum,Cardamomo,Cardamom
V14-SIO-01736,Elettaria cardamomum,Cardamomo,Cardamom
V14-SIO-01737,Castanea sativa x Castanea crenata,Castanha-europeia,Sweet chestnut
V14-SIO-01738,Castanea sativa x Castanea crenata,Castanha-europeia,Sweet chestnut
V14-SIO-01739,Castanea sativa x Castanea crenata,Castanha-europeia,Sweet chestnut
V14-SIO-01740,Castanea sativa x Castanea crenata,Castanha-europeia,Sweet chestnut
V14-SIO-01741,Castanea sativa x Castanea crenata,Castanha-europeia,Sweet chestnut
V14-SIO-01742,Castanea sativa x Castanea crenata,Castanha-europeia,Sweet chestnut
V14-SIO-01743,Castanea sativa,Castanha-europeia,Sweet chestnut
V14-SIO-01744,Castanea sativa x Castanea crenata,Castanha-europeia,Sweet chestnut
V14-SIO-01745,Castanea sativa,Castanha-europeia,Sweet chestnut
V14-SIO-01746,Castanea sativa,Castanha-europeia,Sweet chestnut
V14-SIO-01747,Castanea sativa,Castanha-europeia,Sweet chestnut
V14-SIO-01748,Castanea sativa,Castanha-europeia,Sweet chestnut
V14-SIO-01749,Castanea sativa,Castanha-europeia,Sweet chestnut
V14-SIO-01750,Castanea sativa,Castanha-europeia,Sweet chestnut
V14-SIO-01751,Castanea crenata,Castanha-japonesa,Japanese chestnut
V14-SIO-01752,Castanea crenata,Castanha-japonesa,Japanese chestnut
V14-SIO-01753,Castanea sativa x Castanea crenata,Castanha-europeia,Sweet chestnut
V14-SIO-01754,Castanea crenata,Castanha-japonesa,Japanese chestnut
V14-SIO-01755,Castanea sativa x Castanea crenata,Castanha-europeia,Sweet chestnut
V14-SIO-01756,Castanea sativa x Castanea crenata,Castanha-europeia,Sweet chestnut
V14-SIO-01757,Castanea sativa,Castanha-europeia,Sweet chestnut
V14-SIO-01758,Citrus reticulata,Tangerina,Mandarin
V14-SIO-01759,Citrus reticulata,Tangerina,Mandarin
V14-SIO-01760,Coriandrum sativum,,
V14-SIO-01761,Coriandrum sativum,,
V14-SIO-01762,Vigna unguiculata,Feijão-caupi,Cowpea
V14-SIO-01763,Vigna unguiculata,Feijão-caupi,Cowpea
V14-SIO-01764,Vigna unguiculata,Feijão-caupi,Cowpea
V14-SIO-01765,Vigna unguiculata,Feijão-caupi,Cowpea
V14-SIO-01766,Vigna unguiculata,Feijão-caupi,Cowpea
V14-SIO-01767,Vigna unguiculata,Feijão-caupi,Cowpea
V14-SIO-01768,Vigna unguiculata,Feijão-caupi,Cowpea
V14-SIO-01769,Vigna unguiculata,Feijão-caupi,Cowpea
V14-SIO-01770,Cucumis sativus,Pepino,Cucumber
V14-SIO-01771,Cucumis sativus,Pepino,Cucumber
V14-SIO-01772,Cuminum cyminum,,
V14-SIO-01773,Ficus carica,Figo,Fig
V14-SIO-01774,Linum usitatissimum,Linhaça / linho,Flax
V14-SIO-01775,Linum usitatissimum,Linhaça / linho,Flax
V14-SIO-01776,Linum usitatissimum,Linhaça / linho,Flax
V14-SIO-01777,Linum usitatissimum,Linhaça / linho,Flax
V14-SIO-01778,Ziziphus jujuba,,
V14-SIO-01779,Phaseolus coccineus,Feijão-escarlate,Runner bean
V14-SIO-01780,Phaseolus coccineus,Feijão-escarlate,Runner bean
V14-SIO-01781,Phaseolus vulgaris,Feijão-comum,Common bean
V14-SIO-01782,Phaseolus vulgaris,Feijão-comum,Common bean
V14-SIO-01783,Litchi chinensis,Lichia,Lychee
V14-SIO-01784,Litchi chinensis,Lichia,Lychee
V14-SIO-01785,Litchi chinensis,Lichia,Lychee
V14-SIO-01786,Litchi chinensis,Lichia,Lychee
V14-SIO-01787,Litchi chinensis,Lichia,Lychee
V14-SIO-01788,Litchi chinensis,Lichia,Lychee
V14-SIO-01789,Litchi chinensis,Lichia,Lychee
V14-SIO-01790,Litchi chinensis,Lichia,Lychee
V14-SIO-01791,Litchi chinensis,Lichia,Lychee
V14-SIO-01792,Litchi chinensis,Lichia,Lychee
V14-SIO-01793,Litchi chinensis,Lichia,Lychee
V14-SIO-01794,Litchi chinensis,Lichia,Lychee
V14-SIO-01795,Litchi chinensis,Lichia,Lychee
V14-SIO-01796,Litchi chinensis,Lichia,Lychee
V14-SIO-01797,Litchi chinensis,Lichia,Lychee
V14-SIO-01798,Litchi chinensis,Lichia,Lychee
V14-SIO-01799,Dimocarpus longan,,
V14-SIO-01800,Manilkara achras,,
V14-SIO-01801,Prunus persica,Pêssego,Peach
V14-SIO-01802,Prunus persica,Pêssego,Peach
V14-SIO-01803,Prunus persica,Pêssego,Peach
V14-SIO-01804,Prunus persica,Pêssego,Peach
V14-SIO-01805,Prunus persica,Pêssego,Peach
V14-SIO-01806,Prunus persica,Pêssego,Peach
V14-SIO-01807,Prunus persica,Pêssego,Peach
V14-SIO-01808,Prunus persica,Pêssego,Peach
V14-SIO-01809,Prunus persica,Pêssego,Peach
V14-SIO-01810,Prunus persica,Pêssego,Peach
V14-SIO-01811,Prunus persica,Pêssego,Peach
V14-SIO-01812,Prunus persica,Pêssego,Peach
V14-SIO-01813,Prunus persica,Pêssego,Peach
V14-SIO-01814,Prunus persica,Pêssego,Peach
V14-SIO-01815,Prunus persica,Pêssego,Peach
V14-SIO-01816,Prunus persica,Pêssego,Peach
V14-SIO-01817,Prunus persica,Pêssego,Peach
V14-SIO-01818,Prunus persica,Pêssego,Peach
V14-SIO-01819,Prunus persica,Pêssego,Peach
V14-SIO-01820,Prunus persica,Pêssego,Peach
V14-SIO-01821,Prunus persica,Pêssego,Peach
V14-SIO-01822,Prunus persica,Pêssego,Peach
V14-SIO-01823,Prunus persica,Pêssego,Peach
V14-SIO-01824,Prunus persica,Pêssego,Peach
V14-SIO-01825,Prunus persica,Pêssego,Peach
V14-SIO-01826,Prunus persica,Pêssego,Peach
V14-SIO-01827,Prunus persica,Pêssego,Peach
V14-SIO-01828,Prunus persica,Pêssego,Peach
V14-SIO-01829,Prunus persica,Pêssego,Peach
V14-SIO-01830,Prunus persica,Pêssego,Peach
V14-SIO-01831,Prunus persica,Pêssego,Peach
V14-SIO-01832,Prunus persica,Pêssego,Peach
V14-SIO-01833,Prunus persica,Pêssego,Peach
V14-SIO-01834,Prunus persica,Pêssego,Peach
V14-SIO-01835,Prunus persica,Pêssego,Peach
V14-SIO-01836,Prunus persica,Pêssego,Peach
V14-SIO-01837,Prunus persica,Pêssego,Peach
V14-SIO-01838,Prunus persica,Pêssego,Peach
V14-SIO-01839,Prunus persica,Pêssego,Peach
V14-SIO-01840,Prunus persica,Pêssego,Peach
V14-SIO-01841,Prunus persica,Pêssego,Peach
V14-SIO-01842,Citrus sinensis,Laranja-doce,Sweet orange
V14-SIO-01843,Prunus persica,Pêssego,Peach
V14-SIO-01844,Prunus persica,Pêssego,Peach
V14-SIO-01845,Prunus persica,Pêssego,Peach
V14-SIO-01846,Prunus persica,Pêssego,Peach
V14-SIO-01847,Opuntia ficus-indica,Figo-da-índia,Prickly pear
V14-SIO-01848,Opuntia ficus-indica,Figo-da-índia,Prickly pear
V14-SIO-01849,Opuntia ficus-indica,Figo-da-índia,Prickly pear
V14-SIO-01850,Opuntia ficus-indica,Figo-da-índia,Prickly pear
V14-SIO-01851,Opuntia ficus-indica,Figo-da-índia,Prickly pear
V14-SIO-01852,Rubus idaeus,Framboesa,Raspberry
V14-SIO-01853,Rubus idaeus,Framboesa,Raspberry
V14-SIO-01854,Rubus idaeus,Framboesa,Raspberry
V14-SIO-01855,Rubus idaeus,Framboesa,Raspberry
V14-SIO-01856,Rubus idaeus,Framboesa,Raspberry
V14-SIO-01857,Rubus idaeus,Framboesa,Raspberry
V14-SIO-01858,Carthamus tinctorius,,
V14-SIO-01859,Gossypium hirsutum,Algodão,Cotton
V14-SIO-01860,Sesamum indicum,Gergelim,Sesame
V14-SIO-01861,Gossypium hirsutum,Algodão,Cotton
V14-SIO-01862,Sesamum indicum,Gergelim,Sesame
V14-SIO-01863,Gossypium hirsutum,Algodão,Cotton
V14-SIO-01864,Sesamum indicum,Gergelim,Sesame
V14-SIO-01865,Glycine max,Soja,Soybean
V14-SIO-01866,Glycine max,Soja,Soybean
V14-SIO-01867,Glycine max,Soja,Soybean
V14-SIO-01868,Glycine max,Soja,Soybean
V14-SIO-01869,Citrus reticulata,Tangerina,Mandarin
V14-SIO-01870,Litchi chinensis,Lichia,Lychee
V14-SIO-01871,Litchi chinensis,Lichia,Lychee
V14-SIO-01872,Glycine max,Soja,Soybean
V14-SIO-01873,Glycine max,Soja,Soybean
V14-SIO-01874,Glycine max,Soja,Soybean
V14-SIO-01875,Glycine max,Soja,Soybean
V14-SIO-01876,Vanilla planifolia,Baunilha,Vanilla
V14-SIO-01877,Cydonia oblonga,Marmelo,Quince
V14-SIO-01878,Cydonia oblonga,Marmelo,Quince
V14-SIO-01879,Cydonia oblonga,Marmelo,Quince
V14-SIO-01880,Cydonia oblonga,Marmelo,Quince
V14-SIO-01881,Cydonia oblonga,Marmelo,Quince
V14-SIO-01882,Cydonia oblonga,Marmelo,Quince
V14-SIO-01883,Cydonia oblonga,Marmelo,Quince
V14-SIO-01884,Cydonia oblonga,Marmelo,Quince
V14-SIO-01885,Cydonia oblonga,Marmelo,Quince
V14-SIO-01886,Cydonia oblonga,Marmelo,Quince
V14-SIO-01887,Cydonia oblonga,Marmelo,Quince
V14-SIO-01888,Cucurbita maxima,Abóbora,Winter squash
V18-GIA-00125,Euterpe oleracea,Açaí,Açaí
V18-GIA-00126,Aleurites fordii,,
V18-GIA-00127,Myrciaria dubia,Camu-camu,Camu-camu
